1 0 1 1
1 0 2 1
1 0 3 1
1 0 4 1
1 0 5 1
1 0 6 1
1 0 7 1
1 0 8 1
1 0 9 1
1 0 10 1
1 0 11 0
1 0 12 0
1 0 13 0
1 0 14 0
1 0 15 0
1 0 16 0
1 0 17 0
1 0 18 0
1 0 19 0
1 0 20 0
1 0 21 0
1 0 22 0
1 0 23 0
1 0 24 0
1 0 25 0
1 0 26 0
1 0 27 0
1 0 28 0
1 0 29 0
1 0 30 0
1 0 31 0
1 0 32 0
1 0 33 0
1 0 34 0
1 0 35 0
1 0 36 0
1 0 37 0
1 0 38 0
1 0 39 0
1 0 40 0
1 0 41 0
1 0 42 0
1 0 43 0
1 0 44 0
1 0 45 0
1 0 46 0
1 0 47 0
1 0 48 0
1 0 49 0
1 0 50 0
1 0 51 0
1 0 52 0
1 0 53 0
1 0 54 0
1 0 55 0
1 0 56 0
1 0 57 0
1 0 58 0
1 0 59 0
1 0 60 0
1 0 61 0
1 0 62 0
1 0 63 0
1 0 64 0
1 0 65 0
1 0 66 0
1 0 67 0
1 0 68 0
1 0 69 0
1 0 70 0
1 0 71 0
1 0 72 0
1 0 73 0
1 0 74 0
1 0 75 0
1 0 76 0
1 0 77 0
1 0 78 0
1 0 79 0
1 0 80 0
1 0 81 0
1 0 82 0
1 0 83 0
1 0 84 0
1 0 85 0
1 0 86 0
1 0 87 0
1 0 88 0
1 0 89 0
1 0 90 0
1 0 91 0
1 0 92 0
1 0 93 0
1 0 94 0
1 0 95 0
1 0 96 0
1 0 97 0
1 0 98 0
1 0 99 0
1 0 100 0
1 0 101 0
1 0 102 0
1 0 103 0
1 0 104 0
1 0 105 0
1 0 106 0
1 0 107 0
1 0 108 0
1 0 109 0
1 0 110 0
1 0 111 0
1 0 112 0
1 0 113 0
1 0 114 0
1 0 115 0
1 0 116 0
1 0 117 0
1 0 118 0
1 0 119 0
1 0 120 0
1 0 121 0
1 0 122 0
1 0 123 0
1 0 124 0
1 0 125 0
1 0 126 0
1 0 127 0
1 0 128 0
1 0 129 0
1 0 130 0
1 0 131 0
1 0 132 0
1 0 133 0
1 0 134 0
1 0 135 0
1 0 136 0
1 0 137 0
1 0 138 0
1 0 139 0
1 0 140 0
1 0 141 0
1 0 142 0
1 0 143 0
1 0 144 0
1 0 145 0
1 0 146 0
1 0 147 0
1 0 148 0
1 0 149 0
1 0 150 0
1 0 151 0
1 0 152 0
1 0 153 0
1 0 154 0
1 0 155 0
1 0 156 0
1 0 157 0
1 0 158 0
1 0 159 0
1 0 160 0
1 0 161 0
1 0 162 0
1 0 163 0
1 0 164 0
1 0 165 0
1 0 166 0
1 0 167 0
1 0 168 0
1 0 169 0
1 0 170 0
1 0 171 0
1 0 172 0
1 0 173 0
1 0 174 0
1 0 175 0
1 0 176 0
1 0 177 0
1 0 178 0
1 0 179 0
1 0 180 0
1 0 181 0
1 0 182 0
1 0 183 0
1 0 184 0
1 0 185 0
1 0 186 0
1 0 187 0
1 0 188 0
1 0 189 0
1 0 190 0
1 0 191 0
1 0 192 0
1 0 193 0
1 0 194 0
1 0 195 0
1 0 196 0
1 0 197 0
1 0 198 0
1 0 199 0
1 0 200 0
1 0 201 0
1 0 202 0
1 0 203 0
1 0 204 0
1 0 205 0
1 0 206 0
1 0 207 0
1 0 208 0
1 0 209 0
1 0 210 0
1 0 211 0
1 0 212 0
1 0 213 0
1 0 214 0
1 0 215 0
1 0 216 0
1 0 217 0
1 0 218 0
1 0 219 0
1 0 220 0
1 0 221 0
1 0 222 0
1 0 223 0
1 0 224 0
1 0 225 0
1 0 226 0
1 0 227 0
1 0 228 0
1 0 229 0
1 0 230 0
1 0 231 0
1 0 232 0
1 0 233 0
1 0 234 0
1 0 235 0
1 0 236 0
1 0 237 0
1 0 238 0
1 0 239 0
1 0 240 0
2 0 1 0
2 0 2 0
2 0 3 0
2 0 4 0
2 0 5 0
2 0 6 0
2 0 7 0
2 0 8 0
2 0 9 0
2 0 10 0
2 0 11 1
2 0 12 1
2 0 13 1
2 0 14 1
2 0 15 1
2 0 16 1
2 0 17 1
2 0 18 1
2 0 19 1
2 0 20 1
2 0 21 0
2 0 22 0
2 0 23 0
2 0 24 0
2 0 25 0
2 0 26 0
2 0 27 0
2 0 28 0
2 0 29 0
2 0 30 0
2 0 31 0
2 0 32 0
2 0 33 0
2 0 34 0
2 0 35 0
2 0 36 0
2 0 37 0
2 0 38 0
2 0 39 0
2 0 40 0
2 0 41 0
2 0 42 0
2 0 43 0
2 0 44 0
2 0 45 0
2 0 46 0
2 0 47 0
2 0 48 0
2 0 49 0
2 0 50 0
2 0 51 0
2 0 52 0
2 0 53 0
2 0 54 0
2 0 55 0
2 0 56 0
2 0 57 0
2 0 58 0
2 0 59 0
2 0 60 0
2 0 61 0
2 0 62 0
2 0 63 0
2 0 64 0
2 0 65 0
2 0 66 0
2 0 67 0
2 0 68 0
2 0 69 0
2 0 70 0
2 0 71 0
2 0 72 0
2 0 73 0
2 0 74 0
2 0 75 0
2 0 76 0
2 0 77 0
2 0 78 0
2 0 79 0
2 0 80 0
2 0 81 0
2 0 82 0
2 0 83 0
2 0 84 0
2 0 85 0
2 0 86 0
2 0 87 0
2 0 88 0
2 0 89 0
2 0 90 0
2 0 91 0
2 0 92 0
2 0 93 0
2 0 94 0
2 0 95 0
2 0 96 0
2 0 97 0
2 0 98 0
2 0 99 0
2 0 100 0
2 0 101 0
2 0 102 0
2 0 103 0
2 0 104 0
2 0 105 0
2 0 106 0
2 0 107 0
2 0 108 0
2 0 109 0
2 0 110 0
2 0 111 0
2 0 112 0
2 0 113 0
2 0 114 0
2 0 115 0
2 0 116 0
2 0 117 0
2 0 118 0
2 0 119 0
2 0 120 0
2 0 121 0
2 0 122 0
2 0 123 0
2 0 124 0
2 0 125 0
2 0 126 0
2 0 127 0
2 0 128 0
2 0 129 0
2 0 130 0
2 0 131 0
2 0 132 0
2 0 133 0
2 0 134 0
2 0 135 0
2 0 136 0
2 0 137 0
2 0 138 0
2 0 139 0
2 0 140 0
2 0 141 0
2 0 142 0
2 0 143 0
2 0 144 0
2 0 145 0
2 0 146 0
2 0 147 0
2 0 148 0
2 0 149 0
2 0 150 0
2 0 151 0
2 0 152 0
2 0 153 0
2 0 154 0
2 0 155 0
2 0 156 0
2 0 157 0
2 0 158 0
2 0 159 0
2 0 160 0
2 0 161 0
2 0 162 0
2 0 163 0
2 0 164 0
2 0 165 0
2 0 166 0
2 0 167 0
2 0 168 0
2 0 169 0
2 0 170 0
2 0 171 0
2 0 172 0
2 0 173 0
2 0 174 0
2 0 175 0
2 0 176 0
2 0 177 0
2 0 178 0
2 0 179 0
2 0 180 0
2 0 181 0
2 0 182 0
2 0 183 0
2 0 184 0
2 0 185 0
2 0 186 0
2 0 187 0
2 0 188 0
2 0 189 0
2 0 190 0
2 0 191 0
2 0 192 0
2 0 193 0
2 0 194 0
2 0 195 0
2 0 196 0
2 0 197 0
2 0 198 0
2 0 199 0
2 0 200 0
2 0 201 0
2 0 202 0
2 0 203 0
2 0 204 0
2 0 205 0
2 0 206 0
2 0 207 0
2 0 208 0
2 0 209 0
2 0 210 0
2 0 211 0
2 0 212 0
2 0 213 0
2 0 214 0
2 0 215 0
2 0 216 0
2 0 217 0
2 0 218 0
2 0 219 0
2 0 220 0
2 0 221 0
2 0 222 0
2 0 223 0
2 0 224 0
2 0 225 0
2 0 226 0
2 0 227 0
2 0 228 0
2 0 229 0
2 0 230 0
2 0 231 0
2 0 232 0
2 0 233 0
2 0 234 0
2 0 235 0
2 0 236 0
2 0 237 0
2 0 238 0
2 0 239 0
2 0 240 0
3 0 1 0
3 0 2 0
3 0 3 0
3 0 4 0
3 0 5 0
3 0 6 0
3 0 7 0
3 0 8 0
3 0 9 0
3 0 10 0
3 0 11 0
3 0 12 0
3 0 13 0
3 0 14 0
3 0 15 0
3 0 16 0
3 0 17 0
3 0 18 0
3 0 19 0
3 0 20 0
3 0 21 1
3 0 22 1
3 0 23 1
3 0 24 1
3 0 25 1
3 0 26 1
3 0 27 1
3 0 28 1
3 0 29 1
3 0 30 1
3 0 31 0
3 0 32 0
3 0 33 0
3 0 34 0
3 0 35 0
3 0 36 0
3 0 37 0
3 0 38 0
3 0 39 0
3 0 40 0
3 0 41 0
3 0 42 0
3 0 43 0
3 0 44 0
3 0 45 0
3 0 46 0
3 0 47 0
3 0 48 0
3 0 49 0
3 0 50 0
3 0 51 0
3 0 52 0
3 0 53 0
3 0 54 0
3 0 55 0
3 0 56 0
3 0 57 0
3 0 58 0
3 0 59 0
3 0 60 0
3 0 61 0
3 0 62 0
3 0 63 0
3 0 64 0
3 0 65 0
3 0 66 0
3 0 67 0
3 0 68 0
3 0 69 0
3 0 70 0
3 0 71 0
3 0 72 0
3 0 73 0
3 0 74 0
3 0 75 0
3 0 76 0
3 0 77 0
3 0 78 0
3 0 79 0
3 0 80 0
3 0 81 0
3 0 82 0
3 0 83 0
3 0 84 0
3 0 85 0
3 0 86 0
3 0 87 0
3 0 88 0
3 0 89 0
3 0 90 0
3 0 91 0
3 0 92 0
3 0 93 0
3 0 94 0
3 0 95 0
3 0 96 0
3 0 97 0
3 0 98 0
3 0 99 0
3 0 100 0
3 0 101 0
3 0 102 0
3 0 103 0
3 0 104 0
3 0 105 0
3 0 106 0
3 0 107 0
3 0 108 0
3 0 109 0
3 0 110 0
3 0 111 0
3 0 112 0
3 0 113 0
3 0 114 0
3 0 115 0
3 0 116 0
3 0 117 0
3 0 118 0
3 0 119 0
3 0 120 0
3 0 121 0
3 0 122 0
3 0 123 0
3 0 124 0
3 0 125 0
3 0 126 0
3 0 127 0
3 0 128 0
3 0 129 0
3 0 130 0
3 0 131 0
3 0 132 0
3 0 133 0
3 0 134 0
3 0 135 0
3 0 136 0
3 0 137 0
3 0 138 0
3 0 139 0
3 0 140 0
3 0 141 0
3 0 142 0
3 0 143 0
3 0 144 0
3 0 145 0
3 0 146 0
3 0 147 0
3 0 148 0
3 0 149 0
3 0 150 0
3 0 151 0
3 0 152 0
3 0 153 0
3 0 154 0
3 0 155 0
3 0 156 0
3 0 157 0
3 0 158 0
3 0 159 0
3 0 160 0
3 0 161 0
3 0 162 0
3 0 163 0
3 0 164 0
3 0 165 0
3 0 166 0
3 0 167 0
3 0 168 0
3 0 169 0
3 0 170 0
3 0 171 0
3 0 172 0
3 0 173 0
3 0 174 0
3 0 175 0
3 0 176 0
3 0 177 0
3 0 178 0
3 0 179 0
3 0 180 0
3 0 181 0
3 0 182 0
3 0 183 0
3 0 184 0
3 0 185 0
3 0 186 0
3 0 187 0
3 0 188 0
3 0 189 0
3 0 190 0
3 0 191 0
3 0 192 0
3 0 193 0
3 0 194 0
3 0 195 0
3 0 196 0
3 0 197 0
3 0 198 0
3 0 199 0
3 0 200 0
3 0 201 0
3 0 202 0
3 0 203 0
3 0 204 0
3 0 205 0
3 0 206 0
3 0 207 0
3 0 208 0
3 0 209 0
3 0 210 0
3 0 211 0
3 0 212 0
3 0 213 0
3 0 214 0
3 0 215 0
3 0 216 0
3 0 217 0
3 0 218 0
3 0 219 0
3 0 220 0
3 0 221 0
3 0 222 0
3 0 223 0
3 0 224 0
3 0 225 0
3 0 226 0
3 0 227 0
3 0 228 0
3 0 229 0
3 0 230 0
3 0 231 0
3 0 232 0
3 0 233 0
3 0 234 0
3 0 235 0
3 0 236 0
3 0 237 0
3 0 238 0
3 0 239 0
3 0 240 0
4 0 1 0
4 0 2 0
4 0 3 0
4 0 4 0
4 0 5 0
4 0 6 0
4 0 7 0
4 0 8 0
4 0 9 0
4 0 10 0
4 0 11 0
4 0 12 0
4 0 13 0
4 0 14 0
4 0 15 0
4 0 16 0
4 0 17 0
4 0 18 0
4 0 19 0
4 0 20 0
4 0 21 0
4 0 22 0
4 0 23 0
4 0 24 0
4 0 25 0
4 0 26 0
4 0 27 0
4 0 28 0
4 0 29 0
4 0 30 0
4 0 31 1
4 0 32 1
4 0 33 1
4 0 34 1
4 0 35 1
4 0 36 1
4 0 37 1
4 0 38 1
4 0 39 1
4 0 40 1
4 0 41 0
4 0 42 0
4 0 43 0
4 0 44 0
4 0 45 0
4 0 46 0
4 0 47 0
4 0 48 0
4 0 49 0
4 0 50 0
4 0 51 0
4 0 52 0
4 0 53 0
4 0 54 0
4 0 55 0
4 0 56 0
4 0 57 0
4 0 58 0
4 0 59 0
4 0 60 0
4 0 61 0
4 0 62 0
4 0 63 0
4 0 64 0
4 0 65 0
4 0 66 0
4 0 67 0
4 0 68 0
4 0 69 0
4 0 70 0
4 0 71 0
4 0 72 0
4 0 73 0
4 0 74 0
4 0 75 0
4 0 76 0
4 0 77 0
4 0 78 0
4 0 79 0
4 0 80 0
4 0 81 0
4 0 82 0
4 0 83 0
4 0 84 0
4 0 85 0
4 0 86 0
4 0 87 0
4 0 88 0
4 0 89 0
4 0 90 0
4 0 91 0
4 0 92 0
4 0 93 0
4 0 94 0
4 0 95 0
4 0 96 0
4 0 97 0
4 0 98 0
4 0 99 0
4 0 100 0
4 0 101 0
4 0 102 0
4 0 103 0
4 0 104 0
4 0 105 0
4 0 106 0
4 0 107 0
4 0 108 0
4 0 109 0
4 0 110 0
4 0 111 0
4 0 112 0
4 0 113 0
4 0 114 0
4 0 115 0
4 0 116 0
4 0 117 0
4 0 118 0
4 0 119 0
4 0 120 0
4 0 121 0
4 0 122 0
4 0 123 0
4 0 124 0
4 0 125 0
4 0 126 0
4 0 127 0
4 0 128 0
4 0 129 0
4 0 130 0
4 0 131 0
4 0 132 0
4 0 133 0
4 0 134 0
4 0 135 0
4 0 136 0
4 0 137 0
4 0 138 0
4 0 139 0
4 0 140 0
4 0 141 0
4 0 142 0
4 0 143 0
4 0 144 0
4 0 145 0
4 0 146 0
4 0 147 0
4 0 148 0
4 0 149 0
4 0 150 0
4 0 151 0
4 0 152 0
4 0 153 0
4 0 154 0
4 0 155 0
4 0 156 0
4 0 157 0
4 0 158 0
4 0 159 0
4 0 160 0
4 0 161 0
4 0 162 0
4 0 163 0
4 0 164 0
4 0 165 0
4 0 166 0
4 0 167 0
4 0 168 0
4 0 169 0
4 0 170 0
4 0 171 0
4 0 172 0
4 0 173 0
4 0 174 0
4 0 175 0
4 0 176 0
4 0 177 0
4 0 178 0
4 0 179 0
4 0 180 0
4 0 181 0
4 0 182 0
4 0 183 0
4 0 184 0
4 0 185 0
4 0 186 0
4 0 187 0
4 0 188 0
4 0 189 0
4 0 190 0
4 0 191 0
4 0 192 0
4 0 193 0
4 0 194 0
4 0 195 0
4 0 196 0
4 0 197 0
4 0 198 0
4 0 199 0
4 0 200 0
4 0 201 0
4 0 202 0
4 0 203 0
4 0 204 0
4 0 205 0
4 0 206 0
4 0 207 0
4 0 208 0
4 0 209 0
4 0 210 0
4 0 211 0
4 0 212 0
4 0 213 0
4 0 214 0
4 0 215 0
4 0 216 0
4 0 217 0
4 0 218 0
4 0 219 0
4 0 220 0
4 0 221 0
4 0 222 0
4 0 223 0
4 0 224 0
4 0 225 0
4 0 226 0
4 0 227 0
4 0 228 0
4 0 229 0
4 0 230 0
4 0 231 0
4 0 232 0
4 0 233 0
4 0 234 0
4 0 235 0
4 0 236 0
4 0 237 0
4 0 238 0
4 0 239 0
4 0 240 0
5 0 1 0
5 0 2 0
5 0 3 0
5 0 4 0
5 0 5 0
5 0 6 0
5 0 7 0
5 0 8 0
5 0 9 0
5 0 10 0
5 0 11 0
5 0 12 0
5 0 13 0
5 0 14 0
5 0 15 0
5 0 16 0
5 0 17 0
5 0 18 0
5 0 19 0
5 0 20 0
5 0 21 0
5 0 22 0
5 0 23 0
5 0 24 0
5 0 25 0
5 0 26 0
5 0 27 0
5 0 28 0
5 0 29 0
5 0 30 0
5 0 31 0
5 0 32 0
5 0 33 0
5 0 34 0
5 0 35 0
5 0 36 0
5 0 37 0
5 0 38 0
5 0 39 0
5 0 40 0
5 0 41 1
5 0 42 1
5 0 43 1
5 0 44 1
5 0 45 1
5 0 46 1
5 0 47 1
5 0 48 1
5 0 49 1
5 0 50 1
5 0 51 0
5 0 52 0
5 0 53 0
5 0 54 0
5 0 55 0
5 0 56 0
5 0 57 0
5 0 58 0
5 0 59 0
5 0 60 0
5 0 61 0
5 0 62 0
5 0 63 0
5 0 64 0
5 0 65 0
5 0 66 0
5 0 67 0
5 0 68 0
5 0 69 0
5 0 70 0
5 0 71 0
5 0 72 0
5 0 73 0
5 0 74 0
5 0 75 0
5 0 76 0
5 0 77 0
5 0 78 0
5 0 79 0
5 0 80 0
5 0 81 0
5 0 82 0
5 0 83 0
5 0 84 0
5 0 85 0
5 0 86 0
5 0 87 0
5 0 88 0
5 0 89 0
5 0 90 0
5 0 91 0
5 0 92 0
5 0 93 0
5 0 94 0
5 0 95 0
5 0 96 0
5 0 97 0
5 0 98 0
5 0 99 0
5 0 100 0
5 0 101 0
5 0 102 0
5 0 103 0
5 0 104 0
5 0 105 0
5 0 106 0
5 0 107 0
5 0 108 0
5 0 109 0
5 0 110 0
5 0 111 0
5 0 112 0
5 0 113 0
5 0 114 0
5 0 115 0
5 0 116 0
5 0 117 0
5 0 118 0
5 0 119 0
5 0 120 0
5 0 121 0
5 0 122 0
5 0 123 0
5 0 124 0
5 0 125 0
5 0 126 0
5 0 127 0
5 0 128 0
5 0 129 0
5 0 130 0
5 0 131 0
5 0 132 0
5 0 133 0
5 0 134 0
5 0 135 0
5 0 136 0
5 0 137 0
5 0 138 0
5 0 139 0
5 0 140 0
5 0 141 0
5 0 142 0
5 0 143 0
5 0 144 0
5 0 145 0
5 0 146 0
5 0 147 0
5 0 148 0
5 0 149 0
5 0 150 0
5 0 151 0
5 0 152 0
5 0 153 0
5 0 154 0
5 0 155 0
5 0 156 0
5 0 157 0
5 0 158 0
5 0 159 0
5 0 160 0
5 0 161 0
5 0 162 0
5 0 163 0
5 0 164 0
5 0 165 0
5 0 166 0
5 0 167 0
5 0 168 0
5 0 169 0
5 0 170 0
5 0 171 0
5 0 172 0
5 0 173 0
5 0 174 0
5 0 175 0
5 0 176 0
5 0 177 0
5 0 178 0
5 0 179 0
5 0 180 0
5 0 181 0
5 0 182 0
5 0 183 0
5 0 184 0
5 0 185 0
5 0 186 0
5 0 187 0
5 0 188 0
5 0 189 0
5 0 190 0
5 0 191 0
5 0 192 0
5 0 193 0
5 0 194 0
5 0 195 0
5 0 196 0
5 0 197 0
5 0 198 0
5 0 199 0
5 0 200 0
5 0 201 0
5 0 202 0
5 0 203 0
5 0 204 0
5 0 205 0
5 0 206 0
5 0 207 0
5 0 208 0
5 0 209 0
5 0 210 0
5 0 211 0
5 0 212 0
5 0 213 0
5 0 214 0
5 0 215 0
5 0 216 0
5 0 217 0
5 0 218 0
5 0 219 0
5 0 220 0
5 0 221 0
5 0 222 0
5 0 223 0
5 0 224 0
5 0 225 0
5 0 226 0
5 0 227 0
5 0 228 0
5 0 229 0
5 0 230 0
5 0 231 0
5 0 232 0
5 0 233 0
5 0 234 0
5 0 235 0
5 0 236 0
5 0 237 0
5 0 238 0
5 0 239 0
5 0 240 0
7 0 1 0
7 0 2 0
7 0 3 0
7 0 4 0
7 0 5 0
7 0 6 0
7 0 7 0
7 0 8 0
7 0 9 0
7 0 10 0
7 0 11 0
7 0 12 0
7 0 13 0
7 0 14 0
7 0 15 0
7 0 16 0
7 0 17 0
7 0 18 0
7 0 19 0
7 0 20 0
7 0 21 0
7 0 22 0
7 0 23 0
7 0 24 0
7 0 25 0
7 0 26 0
7 0 27 0
7 0 28 0
7 0 29 0
7 0 30 0
7 0 31 0
7 0 32 0
7 0 33 0
7 0 34 0
7 0 35 0
7 0 36 0
7 0 37 0
7 0 38 0
7 0 39 0
7 0 40 0
7 0 41 0
7 0 42 0
7 0 43 0
7 0 44 0
7 0 45 0
7 0 46 0
7 0 47 0
7 0 48 0
7 0 49 0
7 0 50 0
7 0 51 0
7 0 52 0
7 0 53 0
7 0 54 0
7 0 55 0
7 0 56 0
7 0 57 0
7 0 58 0
7 0 59 0
7 0 60 0
7 0 61 1
7 0 62 1
7 0 63 1
7 0 64 1
7 0 65 1
7 0 66 1
7 0 67 1
7 0 68 1
7 0 69 1
7 0 70 1
7 0 71 0
7 0 72 0
7 0 73 0
7 0 74 0
7 0 75 0
7 0 76 0
7 0 77 0
7 0 78 0
7 0 79 0
7 0 80 0
7 0 81 0
7 0 82 0
7 0 83 0
7 0 84 0
7 0 85 0
7 0 86 0
7 0 87 0
7 0 88 0
7 0 89 0
7 0 90 0
7 0 91 0
7 0 92 0
7 0 93 0
7 0 94 0
7 0 95 0
7 0 96 0
7 0 97 0
7 0 98 0
7 0 99 0
7 0 100 0
7 0 101 0
7 0 102 0
7 0 103 0
7 0 104 0
7 0 105 0
7 0 106 0
7 0 107 0
7 0 108 0
7 0 109 0
7 0 110 0
7 0 111 0
7 0 112 0
7 0 113 0
7 0 114 0
7 0 115 0
7 0 116 0
7 0 117 0
7 0 118 0
7 0 119 0
7 0 120 0
7 0 121 0
7 0 122 0
7 0 123 0
7 0 124 0
7 0 125 0
7 0 126 0
7 0 127 0
7 0 128 0
7 0 129 0
7 0 130 0
7 0 131 0
7 0 132 0
7 0 133 0
7 0 134 0
7 0 135 0
7 0 136 0
7 0 137 0
7 0 138 0
7 0 139 0
7 0 140 0
7 0 141 0
7 0 142 0
7 0 143 0
7 0 144 0
7 0 145 0
7 0 146 0
7 0 147 0
7 0 148 0
7 0 149 0
7 0 150 0
7 0 151 0
7 0 152 0
7 0 153 0
7 0 154 0
7 0 155 0
7 0 156 0
7 0 157 0
7 0 158 0
7 0 159 0
7 0 160 0
7 0 161 0
7 0 162 0
7 0 163 0
7 0 164 0
7 0 165 0
7 0 166 0
7 0 167 0
7 0 168 0
7 0 169 0
7 0 170 0
7 0 171 0
7 0 172 0
7 0 173 0
7 0 174 0
7 0 175 0
7 0 176 0
7 0 177 0
7 0 178 0
7 0 179 0
7 0 180 0
7 0 181 0
7 0 182 0
7 0 183 0
7 0 184 0
7 0 185 0
7 0 186 0
7 0 187 0
7 0 188 0
7 0 189 0
7 0 190 0
7 0 191 0
7 0 192 0
7 0 193 0
7 0 194 0
7 0 195 0
7 0 196 0
7 0 197 0
7 0 198 0
7 0 199 0
7 0 200 0
7 0 201 0
7 0 202 0
7 0 203 0
7 0 204 0
7 0 205 0
7 0 206 0
7 0 207 0
7 0 208 0
7 0 209 0
7 0 210 0
7 0 211 0
7 0 212 0
7 0 213 0
7 0 214 0
7 0 215 0
7 0 216 0
7 0 217 0
7 0 218 0
7 0 219 0
7 0 220 0
7 0 221 0
7 0 222 0
7 0 223 0
7 0 224 0
7 0 225 0
7 0 226 0
7 0 227 0
7 0 228 0
7 0 229 0
7 0 230 0
7 0 231 0
7 0 232 0
7 0 233 0
7 0 234 0
7 0 235 0
7 0 236 0
7 0 237 0
7 0 238 0
7 0 239 0
7 0 240 0
8 0 1 0
8 0 2 0
8 0 3 0
8 0 4 0
8 0 5 0
8 0 6 0
8 0 7 0
8 0 8 0
8 0 9 0
8 0 10 0
8 0 11 0
8 0 12 0
8 0 13 0
8 0 14 0
8 0 15 0
8 0 16 0
8 0 17 0
8 0 18 0
8 0 19 0
8 0 20 0
8 0 21 0
8 0 22 0
8 0 23 0
8 0 24 0
8 0 25 0
8 0 26 0
8 0 27 0
8 0 28 0
8 0 29 0
8 0 30 0
8 0 31 0
8 0 32 0
8 0 33 0
8 0 34 0
8 0 35 0
8 0 36 0
8 0 37 0
8 0 38 0
8 0 39 0
8 0 40 0
8 0 41 0
8 0 42 0
8 0 43 0
8 0 44 0
8 0 45 0
8 0 46 0
8 0 47 0
8 0 48 0
8 0 49 0
8 0 50 0
8 0 51 0
8 0 52 0
8 0 53 0
8 0 54 0
8 0 55 0
8 0 56 0
8 0 57 0
8 0 58 0
8 0 59 0
8 0 60 0
8 0 61 0
8 0 62 0
8 0 63 0
8 0 64 0
8 0 65 0
8 0 66 0
8 0 67 0
8 0 68 0
8 0 69 0
8 0 70 0
8 0 71 1
8 0 72 1
8 0 73 1
8 0 74 1
8 0 75 1
8 0 76 1
8 0 77 1
8 0 78 1
8 0 79 1
8 0 80 1
8 0 81 0
8 0 82 0
8 0 83 0
8 0 84 0
8 0 85 0
8 0 86 0
8 0 87 0
8 0 88 0
8 0 89 0
8 0 90 0
8 0 91 0
8 0 92 0
8 0 93 0
8 0 94 0
8 0 95 0
8 0 96 0
8 0 97 0
8 0 98 0
8 0 99 0
8 0 100 0
8 0 101 0
8 0 102 0
8 0 103 0
8 0 104 0
8 0 105 0
8 0 106 0
8 0 107 0
8 0 108 0
8 0 109 0
8 0 110 0
8 0 111 0
8 0 112 0
8 0 113 0
8 0 114 0
8 0 115 0
8 0 116 0
8 0 117 0
8 0 118 0
8 0 119 0
8 0 120 0
8 0 121 0
8 0 122 0
8 0 123 0
8 0 124 0
8 0 125 0
8 0 126 0
8 0 127 0
8 0 128 0
8 0 129 0
8 0 130 0
8 0 131 0
8 0 132 0
8 0 133 0
8 0 134 0
8 0 135 0
8 0 136 0
8 0 137 0
8 0 138 0
8 0 139 0
8 0 140 0
8 0 141 0
8 0 142 0
8 0 143 0
8 0 144 0
8 0 145 0
8 0 146 0
8 0 147 0
8 0 148 0
8 0 149 0
8 0 150 0
8 0 151 0
8 0 152 0
8 0 153 0
8 0 154 0
8 0 155 0
8 0 156 0
8 0 157 0
8 0 158 0
8 0 159 0
8 0 160 0
8 0 161 0
8 0 162 0
8 0 163 0
8 0 164 0
8 0 165 0
8 0 166 0
8 0 167 0
8 0 168 0
8 0 169 0
8 0 170 0
8 0 171 0
8 0 172 0
8 0 173 0
8 0 174 0
8 0 175 0
8 0 176 0
8 0 177 0
8 0 178 0
8 0 179 0
8 0 180 0
8 0 181 0
8 0 182 0
8 0 183 0
8 0 184 0
8 0 185 0
8 0 186 0
8 0 187 0
8 0 188 0
8 0 189 0
8 0 190 0
8 0 191 0
8 0 192 0
8 0 193 0
8 0 194 0
8 0 195 0
8 0 196 0
8 0 197 0
8 0 198 0
8 0 199 0
8 0 200 0
8 0 201 0
8 0 202 0
8 0 203 0
8 0 204 0
8 0 205 0
8 0 206 0
8 0 207 0
8 0 208 0
8 0 209 0
8 0 210 0
8 0 211 0
8 0 212 0
8 0 213 0
8 0 214 0
8 0 215 0
8 0 216 0
8 0 217 0
8 0 218 0
8 0 219 0
8 0 220 0
8 0 221 0
8 0 222 0
8 0 223 0
8 0 224 0
8 0 225 0
8 0 226 0
8 0 227 0
8 0 228 0
8 0 229 0
8 0 230 0
8 0 231 0
8 0 232 0
8 0 233 0
8 0 234 0
8 0 235 0
8 0 236 0
8 0 237 0
8 0 238 0
8 0 239 0
8 0 240 0
9 0 1 0
9 0 2 0
9 0 3 0
9 0 4 0
9 0 5 0
9 0 6 0
9 0 7 0
9 0 8 0
9 0 9 0
9 0 10 0
9 0 11 0
9 0 12 0
9 0 13 0
9 0 14 0
9 0 15 0
9 0 16 0
9 0 17 0
9 0 18 0
9 0 19 0
9 0 20 0
9 0 21 0
9 0 22 0
9 0 23 0
9 0 24 0
9 0 25 0
9 0 26 0
9 0 27 0
9 0 28 0
9 0 29 0
9 0 30 0
9 0 31 0
9 0 32 0
9 0 33 0
9 0 34 0
9 0 35 0
9 0 36 0
9 0 37 0
9 0 38 0
9 0 39 0
9 0 40 0
9 0 41 0
9 0 42 0
9 0 43 0
9 0 44 0
9 0 45 0
9 0 46 0
9 0 47 0
9 0 48 0
9 0 49 0
9 0 50 0
9 0 51 0
9 0 52 0
9 0 53 0
9 0 54 0
9 0 55 0
9 0 56 0
9 0 57 0
9 0 58 0
9 0 59 0
9 0 60 0
9 0 61 0
9 0 62 0
9 0 63 0
9 0 64 0
9 0 65 0
9 0 66 0
9 0 67 0
9 0 68 0
9 0 69 0
9 0 70 0
9 0 71 0
9 0 72 0
9 0 73 0
9 0 74 0
9 0 75 0
9 0 76 0
9 0 77 0
9 0 78 0
9 0 79 0
9 0 80 0
9 0 81 1
9 0 82 1
9 0 83 1
9 0 84 1
9 0 85 1
9 0 86 1
9 0 87 1
9 0 88 1
9 0 89 1
9 0 90 1
9 0 91 0
9 0 92 0
9 0 93 0
9 0 94 0
9 0 95 0
9 0 96 0
9 0 97 0
9 0 98 0
9 0 99 0
9 0 100 0
9 0 101 0
9 0 102 0
9 0 103 0
9 0 104 0
9 0 105 0
9 0 106 0
9 0 107 0
9 0 108 0
9 0 109 0
9 0 110 0
9 0 111 0
9 0 112 0
9 0 113 0
9 0 114 0
9 0 115 0
9 0 116 0
9 0 117 0
9 0 118 0
9 0 119 0
9 0 120 0
9 0 121 0
9 0 122 0
9 0 123 0
9 0 124 0
9 0 125 0
9 0 126 0
9 0 127 0
9 0 128 0
9 0 129 0
9 0 130 0
9 0 131 0
9 0 132 0
9 0 133 0
9 0 134 0
9 0 135 0
9 0 136 0
9 0 137 0
9 0 138 0
9 0 139 0
9 0 140 0
9 0 141 0
9 0 142 0
9 0 143 0
9 0 144 0
9 0 145 0
9 0 146 0
9 0 147 0
9 0 148 0
9 0 149 0
9 0 150 0
9 0 151 0
9 0 152 0
9 0 153 0
9 0 154 0
9 0 155 0
9 0 156 0
9 0 157 0
9 0 158 0
9 0 159 0
9 0 160 0
9 0 161 0
9 0 162 0
9 0 163 0
9 0 164 0
9 0 165 0
9 0 166 0
9 0 167 0
9 0 168 0
9 0 169 0
9 0 170 0
9 0 171 0
9 0 172 0
9 0 173 0
9 0 174 0
9 0 175 0
9 0 176 0
9 0 177 0
9 0 178 0
9 0 179 0
9 0 180 0
9 0 181 0
9 0 182 0
9 0 183 0
9 0 184 0
9 0 185 0
9 0 186 0
9 0 187 0
9 0 188 0
9 0 189 0
9 0 190 0
9 0 191 0
9 0 192 0
9 0 193 0
9 0 194 0
9 0 195 0
9 0 196 0
9 0 197 0
9 0 198 0
9 0 199 0
9 0 200 0
9 0 201 0
9 0 202 0
9 0 203 0
9 0 204 0
9 0 205 0
9 0 206 0
9 0 207 0
9 0 208 0
9 0 209 0
9 0 210 0
9 0 211 0
9 0 212 0
9 0 213 0
9 0 214 0
9 0 215 0
9 0 216 0
9 0 217 0
9 0 218 0
9 0 219 0
9 0 220 0
9 0 221 0
9 0 222 0
9 0 223 0
9 0 224 0
9 0 225 0
9 0 226 0
9 0 227 0
9 0 228 0
9 0 229 0
9 0 230 0
9 0 231 0
9 0 232 0
9 0 233 0
9 0 234 0
9 0 235 0
9 0 236 0
9 0 237 0
9 0 238 0
9 0 239 0
9 0 240 0
10 0 1 0
10 0 2 0
10 0 3 0
10 0 4 0
10 0 5 0
10 0 6 0
10 0 7 0
10 0 8 0
10 0 9 0
10 0 10 0
10 0 11 0
10 0 12 0
10 0 13 0
10 0 14 0
10 0 15 0
10 0 16 0
10 0 17 0
10 0 18 0
10 0 19 0
10 0 20 0
10 0 21 0
10 0 22 0
10 0 23 0
10 0 24 0
10 0 25 0
10 0 26 0
10 0 27 0
10 0 28 0
10 0 29 0
10 0 30 0
10 0 31 0
10 0 32 0
10 0 33 0
10 0 34 0
10 0 35 0
10 0 36 0
10 0 37 0
10 0 38 0
10 0 39 0
10 0 40 0
10 0 41 0
10 0 42 0
10 0 43 0
10 0 44 0
10 0 45 0
10 0 46 0
10 0 47 0
10 0 48 0
10 0 49 0
10 0 50 0
10 0 51 0
10 0 52 0
10 0 53 0
10 0 54 0
10 0 55 0
10 0 56 0
10 0 57 0
10 0 58 0
10 0 59 0
10 0 60 0
10 0 61 0
10 0 62 0
10 0 63 0
10 0 64 0
10 0 65 0
10 0 66 0
10 0 67 0
10 0 68 0
10 0 69 0
10 0 70 0
10 0 71 0
10 0 72 0
10 0 73 0
10 0 74 0
10 0 75 0
10 0 76 0
10 0 77 0
10 0 78 0
10 0 79 0
10 0 80 0
10 0 81 0
10 0 82 0
10 0 83 0
10 0 84 0
10 0 85 0
10 0 86 0
10 0 87 0
10 0 88 0
10 0 89 0
10 0 90 0
10 0 91 1
10 0 92 1
10 0 93 1
10 0 94 1
10 0 95 1
10 0 96 1
10 0 97 1
10 0 98 1
10 0 99 1
10 0 100 1
10 0 101 0
10 0 102 0
10 0 103 0
10 0 104 0
10 0 105 0
10 0 106 0
10 0 107 0
10 0 108 0
10 0 109 0
10 0 110 0
10 0 111 0
10 0 112 0
10 0 113 0
10 0 114 0
10 0 115 0
10 0 116 0
10 0 117 0
10 0 118 0
10 0 119 0
10 0 120 0
10 0 121 0
10 0 122 0
10 0 123 0
10 0 124 0
10 0 125 0
10 0 126 0
10 0 127 0
10 0 128 0
10 0 129 0
10 0 130 0
10 0 131 0
10 0 132 0
10 0 133 0
10 0 134 0
10 0 135 0
10 0 136 0
10 0 137 0
10 0 138 0
10 0 139 0
10 0 140 0
10 0 141 0
10 0 142 0
10 0 143 0
10 0 144 0
10 0 145 0
10 0 146 0
10 0 147 0
10 0 148 0
10 0 149 0
10 0 150 0
10 0 151 0
10 0 152 0
10 0 153 0
10 0 154 0
10 0 155 0
10 0 156 0
10 0 157 0
10 0 158 0
10 0 159 0
10 0 160 0
10 0 161 0
10 0 162 0
10 0 163 0
10 0 164 0
10 0 165 0
10 0 166 0
10 0 167 0
10 0 168 0
10 0 169 0
10 0 170 0
10 0 171 0
10 0 172 0
10 0 173 0
10 0 174 0
10 0 175 0
10 0 176 0
10 0 177 0
10 0 178 0
10 0 179 0
10 0 180 0
10 0 181 0
10 0 182 0
10 0 183 0
10 0 184 0
10 0 185 0
10 0 186 0
10 0 187 0
10 0 188 0
10 0 189 0
10 0 190 0
10 0 191 0
10 0 192 0
10 0 193 0
10 0 194 0
10 0 195 0
10 0 196 0
10 0 197 0
10 0 198 0
10 0 199 0
10 0 200 0
10 0 201 0
10 0 202 0
10 0 203 0
10 0 204 0
10 0 205 0
10 0 206 0
10 0 207 0
10 0 208 0
10 0 209 0
10 0 210 0
10 0 211 0
10 0 212 0
10 0 213 0
10 0 214 0
10 0 215 0
10 0 216 0
10 0 217 0
10 0 218 0
10 0 219 0
10 0 220 0
10 0 221 0
10 0 222 0
10 0 223 0
10 0 224 0
10 0 225 0
10 0 226 0
10 0 227 0
10 0 228 0
10 0 229 0
10 0 230 0
10 0 231 0
10 0 232 0
10 0 233 0
10 0 234 0
10 0 235 0
10 0 236 0
10 0 237 0
10 0 238 0
10 0 239 0
10 0 240 0
11 0 1 0
11 0 2 0
11 0 3 0
11 0 4 0
11 0 5 0
11 0 6 0
11 0 7 0
11 0 8 0
11 0 9 0
11 0 10 0
11 0 11 0
11 0 12 0
11 0 13 0
11 0 14 0
11 0 15 0
11 0 16 0
11 0 17 0
11 0 18 0
11 0 19 0
11 0 20 0
11 0 21 0
11 0 22 0
11 0 23 0
11 0 24 0
11 0 25 0
11 0 26 0
11 0 27 0
11 0 28 0
11 0 29 0
11 0 30 0
11 0 31 0
11 0 32 0
11 0 33 0
11 0 34 0
11 0 35 0
11 0 36 0
11 0 37 0
11 0 38 0
11 0 39 0
11 0 40 0
11 0 41 0
11 0 42 0
11 0 43 0
11 0 44 0
11 0 45 0
11 0 46 0
11 0 47 0
11 0 48 0
11 0 49 0
11 0 50 0
11 0 51 0
11 0 52 0
11 0 53 0
11 0 54 0
11 0 55 0
11 0 56 0
11 0 57 0
11 0 58 0
11 0 59 0
11 0 60 0
11 0 61 0
11 0 62 0
11 0 63 0
11 0 64 0
11 0 65 0
11 0 66 0
11 0 67 0
11 0 68 0
11 0 69 0
11 0 70 0
11 0 71 0
11 0 72 0
11 0 73 0
11 0 74 0
11 0 75 0
11 0 76 0
11 0 77 0
11 0 78 0
11 0 79 0
11 0 80 0
11 0 81 0
11 0 82 0
11 0 83 0
11 0 84 0
11 0 85 0
11 0 86 0
11 0 87 0
11 0 88 0
11 0 89 0
11 0 90 0
11 0 91 0
11 0 92 0
11 0 93 0
11 0 94 0
11 0 95 0
11 0 96 0
11 0 97 0
11 0 98 0
11 0 99 0
11 0 100 0
11 0 101 1
11 0 102 1
11 0 103 1
11 0 104 1
11 0 105 1
11 0 106 1
11 0 107 1
11 0 108 1
11 0 109 1
11 0 110 1
11 0 111 0
11 0 112 0
11 0 113 0
11 0 114 0
11 0 115 0
11 0 116 0
11 0 117 0
11 0 118 0
11 0 119 0
11 0 120 0
11 0 121 0
11 0 122 0
11 0 123 0
11 0 124 0
11 0 125 0
11 0 126 0
11 0 127 0
11 0 128 0
11 0 129 0
11 0 130 0
11 0 131 0
11 0 132 0
11 0 133 0
11 0 134 0
11 0 135 0
11 0 136 0
11 0 137 0
11 0 138 0
11 0 139 0
11 0 140 0
11 0 141 0
11 0 142 0
11 0 143 0
11 0 144 0
11 0 145 0
11 0 146 0
11 0 147 0
11 0 148 0
11 0 149 0
11 0 150 0
11 0 151 0
11 0 152 0
11 0 153 0
11 0 154 0
11 0 155 0
11 0 156 0
11 0 157 0
11 0 158 0
11 0 159 0
11 0 160 0
11 0 161 0
11 0 162 0
11 0 163 0
11 0 164 0
11 0 165 0
11 0 166 0
11 0 167 0
11 0 168 0
11 0 169 0
11 0 170 0
11 0 171 0
11 0 172 0
11 0 173 0
11 0 174 0
11 0 175 0
11 0 176 0
11 0 177 0
11 0 178 0
11 0 179 0
11 0 180 0
11 0 181 0
11 0 182 0
11 0 183 0
11 0 184 0
11 0 185 0
11 0 186 0
11 0 187 0
11 0 188 0
11 0 189 0
11 0 190 0
11 0 191 0
11 0 192 0
11 0 193 0
11 0 194 0
11 0 195 0
11 0 196 0
11 0 197 0
11 0 198 0
11 0 199 0
11 0 200 0
11 0 201 0
11 0 202 0
11 0 203 0
11 0 204 0
11 0 205 0
11 0 206 0
11 0 207 0
11 0 208 0
11 0 209 0
11 0 210 0
11 0 211 0
11 0 212 0
11 0 213 0
11 0 214 0
11 0 215 0
11 0 216 0
11 0 217 0
11 0 218 0
11 0 219 0
11 0 220 0
11 0 221 0
11 0 222 0
11 0 223 0
11 0 224 0
11 0 225 0
11 0 226 0
11 0 227 0
11 0 228 0
11 0 229 0
11 0 230 0
11 0 231 0
11 0 232 0
11 0 233 0
11 0 234 0
11 0 235 0
11 0 236 0
11 0 237 0
11 0 238 0
11 0 239 0
11 0 240 0
12 0 1 0
12 0 2 0
12 0 3 0
12 0 4 0
12 0 5 0
12 0 6 0
12 0 7 0
12 0 8 0
12 0 9 0
12 0 10 0
12 0 11 0
12 0 12 0
12 0 13 0
12 0 14 0
12 0 15 0
12 0 16 0
12 0 17 0
12 0 18 0
12 0 19 0
12 0 20 0
12 0 21 0
12 0 22 0
12 0 23 0
12 0 24 0
12 0 25 0
12 0 26 0
12 0 27 0
12 0 28 0
12 0 29 0
12 0 30 0
12 0 31 0
12 0 32 0
12 0 33 0
12 0 34 0
12 0 35 0
12 0 36 0
12 0 37 0
12 0 38 0
12 0 39 0
12 0 40 0
12 0 41 0
12 0 42 0
12 0 43 0
12 0 44 0
12 0 45 0
12 0 46 0
12 0 47 0
12 0 48 0
12 0 49 0
12 0 50 0
12 0 51 0
12 0 52 0
12 0 53 0
12 0 54 0
12 0 55 0
12 0 56 0
12 0 57 0
12 0 58 0
12 0 59 0
12 0 60 0
12 0 61 0
12 0 62 0
12 0 63 0
12 0 64 0
12 0 65 0
12 0 66 0
12 0 67 0
12 0 68 0
12 0 69 0
12 0 70 0
12 0 71 0
12 0 72 0
12 0 73 0
12 0 74 0
12 0 75 0
12 0 76 0
12 0 77 0
12 0 78 0
12 0 79 0
12 0 80 0
12 0 81 0
12 0 82 0
12 0 83 0
12 0 84 0
12 0 85 0
12 0 86 0
12 0 87 0
12 0 88 0
12 0 89 0
12 0 90 0
12 0 91 0
12 0 92 0
12 0 93 0
12 0 94 0
12 0 95 0
12 0 96 0
12 0 97 0
12 0 98 0
12 0 99 0
12 0 100 0
12 0 101 0
12 0 102 0
12 0 103 0
12 0 104 0
12 0 105 0
12 0 106 0
12 0 107 0
12 0 108 0
12 0 109 0
12 0 110 0
12 0 111 1
12 0 112 1
12 0 113 1
12 0 114 1
12 0 115 1
12 0 116 1
12 0 117 1
12 0 118 1
12 0 119 1
12 0 120 1
12 0 121 0
12 0 122 0
12 0 123 0
12 0 124 0
12 0 125 0
12 0 126 0
12 0 127 0
12 0 128 0
12 0 129 0
12 0 130 0
12 0 131 0
12 0 132 0
12 0 133 0
12 0 134 0
12 0 135 0
12 0 136 0
12 0 137 0
12 0 138 0
12 0 139 0
12 0 140 0
12 0 141 0
12 0 142 0
12 0 143 0
12 0 144 0
12 0 145 0
12 0 146 0
12 0 147 0
12 0 148 0
12 0 149 0
12 0 150 0
12 0 151 0
12 0 152 0
12 0 153 0
12 0 154 0
12 0 155 0
12 0 156 0
12 0 157 0
12 0 158 0
12 0 159 0
12 0 160 0
12 0 161 0
12 0 162 0
12 0 163 0
12 0 164 0
12 0 165 0
12 0 166 0
12 0 167 0
12 0 168 0
12 0 169 0
12 0 170 0
12 0 171 0
12 0 172 0
12 0 173 0
12 0 174 0
12 0 175 0
12 0 176 0
12 0 177 0
12 0 178 0
12 0 179 0
12 0 180 0
12 0 181 0
12 0 182 0
12 0 183 0
12 0 184 0
12 0 185 0
12 0 186 0
12 0 187 0
12 0 188 0
12 0 189 0
12 0 190 0
12 0 191 0
12 0 192 0
12 0 193 0
12 0 194 0
12 0 195 0
12 0 196 0
12 0 197 0
12 0 198 0
12 0 199 0
12 0 200 0
12 0 201 0
12 0 202 0
12 0 203 0
12 0 204 0
12 0 205 0
12 0 206 0
12 0 207 0
12 0 208 0
12 0 209 0
12 0 210 0
12 0 211 0
12 0 212 0
12 0 213 0
12 0 214 0
12 0 215 0
12 0 216 0
12 0 217 0
12 0 218 0
12 0 219 0
12 0 220 0
12 0 221 0
12 0 222 0
12 0 223 0
12 0 224 0
12 0 225 0
12 0 226 0
12 0 227 0
12 0 228 0
12 0 229 0
12 0 230 0
12 0 231 0
12 0 232 0
12 0 233 0
12 0 234 0
12 0 235 0
12 0 236 0
12 0 237 0
12 0 238 0
12 0 239 0
12 0 240 0
13 0 1 0
13 0 2 0
13 0 3 0
13 0 4 0
13 0 5 0
13 0 6 0
13 0 7 0
13 0 8 0
13 0 9 0
13 0 10 0
13 0 11 0
13 0 12 0
13 0 13 0
13 0 14 0
13 0 15 0
13 0 16 0
13 0 17 0
13 0 18 0
13 0 19 0
13 0 20 0
13 0 21 0
13 0 22 0
13 0 23 0
13 0 24 0
13 0 25 0
13 0 26 0
13 0 27 0
13 0 28 0
13 0 29 0
13 0 30 0
13 0 31 0
13 0 32 0
13 0 33 0
13 0 34 0
13 0 35 0
13 0 36 0
13 0 37 0
13 0 38 0
13 0 39 0
13 0 40 0
13 0 41 0
13 0 42 0
13 0 43 0
13 0 44 0
13 0 45 0
13 0 46 0
13 0 47 0
13 0 48 0
13 0 49 0
13 0 50 0
13 0 51 0
13 0 52 0
13 0 53 0
13 0 54 0
13 0 55 0
13 0 56 0
13 0 57 0
13 0 58 0
13 0 59 0
13 0 60 0
13 0 61 0
13 0 62 0
13 0 63 0
13 0 64 0
13 0 65 0
13 0 66 0
13 0 67 0
13 0 68 0
13 0 69 0
13 0 70 0
13 0 71 0
13 0 72 0
13 0 73 0
13 0 74 0
13 0 75 0
13 0 76 0
13 0 77 0
13 0 78 0
13 0 79 0
13 0 80 0
13 0 81 0
13 0 82 0
13 0 83 0
13 0 84 0
13 0 85 0
13 0 86 0
13 0 87 0
13 0 88 0
13 0 89 0
13 0 90 0
13 0 91 0
13 0 92 0
13 0 93 0
13 0 94 0
13 0 95 0
13 0 96 0
13 0 97 0
13 0 98 0
13 0 99 0
13 0 100 0
13 0 101 0
13 0 102 0
13 0 103 0
13 0 104 0
13 0 105 0
13 0 106 0
13 0 107 0
13 0 108 0
13 0 109 0
13 0 110 0
13 0 111 0
13 0 112 0
13 0 113 0
13 0 114 0
13 0 115 0
13 0 116 0
13 0 117 0
13 0 118 0
13 0 119 0
13 0 120 0
13 0 121 1
13 0 122 1
13 0 123 1
13 0 124 1
13 0 125 1
13 0 126 1
13 0 127 1
13 0 128 1
13 0 129 1
13 0 130 1
13 0 131 0
13 0 132 0
13 0 133 0
13 0 134 0
13 0 135 0
13 0 136 0
13 0 137 0
13 0 138 0
13 0 139 0
13 0 140 0
13 0 141 0
13 0 142 0
13 0 143 0
13 0 144 0
13 0 145 0
13 0 146 0
13 0 147 0
13 0 148 0
13 0 149 0
13 0 150 0
13 0 151 0
13 0 152 0
13 0 153 0
13 0 154 0
13 0 155 0
13 0 156 0
13 0 157 0
13 0 158 0
13 0 159 0
13 0 160 0
13 0 161 0
13 0 162 0
13 0 163 0
13 0 164 0
13 0 165 0
13 0 166 0
13 0 167 0
13 0 168 0
13 0 169 0
13 0 170 0
13 0 171 0
13 0 172 0
13 0 173 0
13 0 174 0
13 0 175 0
13 0 176 0
13 0 177 0
13 0 178 0
13 0 179 0
13 0 180 0
13 0 181 0
13 0 182 0
13 0 183 0
13 0 184 0
13 0 185 0
13 0 186 0
13 0 187 0
13 0 188 0
13 0 189 0
13 0 190 0
13 0 191 0
13 0 192 0
13 0 193 0
13 0 194 0
13 0 195 0
13 0 196 0
13 0 197 0
13 0 198 0
13 0 199 0
13 0 200 0
13 0 201 0
13 0 202 0
13 0 203 0
13 0 204 0
13 0 205 0
13 0 206 0
13 0 207 0
13 0 208 0
13 0 209 0
13 0 210 0
13 0 211 0
13 0 212 0
13 0 213 0
13 0 214 0
13 0 215 0
13 0 216 0
13 0 217 0
13 0 218 0
13 0 219 0
13 0 220 0
13 0 221 0
13 0 222 0
13 0 223 0
13 0 224 0
13 0 225 0
13 0 226 0
13 0 227 0
13 0 228 0
13 0 229 0
13 0 230 0
13 0 231 0
13 0 232 0
13 0 233 0
13 0 234 0
13 0 235 0
13 0 236 0
13 0 237 0
13 0 238 0
13 0 239 0
13 0 240 0
14 0 1 0
14 0 2 0
14 0 3 0
14 0 4 0
14 0 5 0
14 0 6 0
14 0 7 0
14 0 8 0
14 0 9 0
14 0 10 0
14 0 11 0
14 0 12 0
14 0 13 0
14 0 14 0
14 0 15 0
14 0 16 0
14 0 17 0
14 0 18 0
14 0 19 0
14 0 20 0
14 0 21 0
14 0 22 0
14 0 23 0
14 0 24 0
14 0 25 0
14 0 26 0
14 0 27 0
14 0 28 0
14 0 29 0
14 0 30 0
14 0 31 0
14 0 32 0
14 0 33 0
14 0 34 0
14 0 35 0
14 0 36 0
14 0 37 0
14 0 38 0
14 0 39 0
14 0 40 0
14 0 41 0
14 0 42 0
14 0 43 0
14 0 44 0
14 0 45 0
14 0 46 0
14 0 47 0
14 0 48 0
14 0 49 0
14 0 50 0
14 0 51 0
14 0 52 0
14 0 53 0
14 0 54 0
14 0 55 0
14 0 56 0
14 0 57 0
14 0 58 0
14 0 59 0
14 0 60 0
14 0 61 0
14 0 62 0
14 0 63 0
14 0 64 0
14 0 65 0
14 0 66 0
14 0 67 0
14 0 68 0
14 0 69 0
14 0 70 0
14 0 71 0
14 0 72 0
14 0 73 0
14 0 74 0
14 0 75 0
14 0 76 0
14 0 77 0
14 0 78 0
14 0 79 0
14 0 80 0
14 0 81 0
14 0 82 0
14 0 83 0
14 0 84 0
14 0 85 0
14 0 86 0
14 0 87 0
14 0 88 0
14 0 89 0
14 0 90 0
14 0 91 0
14 0 92 0
14 0 93 0
14 0 94 0
14 0 95 0
14 0 96 0
14 0 97 0
14 0 98 0
14 0 99 0
14 0 100 0
14 0 101 0
14 0 102 0
14 0 103 0
14 0 104 0
14 0 105 0
14 0 106 0
14 0 107 0
14 0 108 0
14 0 109 0
14 0 110 0
14 0 111 0
14 0 112 0
14 0 113 0
14 0 114 0
14 0 115 0
14 0 116 0
14 0 117 0
14 0 118 0
14 0 119 0
14 0 120 0
14 0 121 0
14 0 122 0
14 0 123 0
14 0 124 0
14 0 125 0
14 0 126 0
14 0 127 0
14 0 128 0
14 0 129 0
14 0 130 0
14 0 131 1
14 0 132 1
14 0 133 1
14 0 134 1
14 0 135 1
14 0 136 1
14 0 137 1
14 0 138 1
14 0 139 1
14 0 140 1
14 0 141 0
14 0 142 0
14 0 143 0
14 0 144 0
14 0 145 0
14 0 146 0
14 0 147 0
14 0 148 0
14 0 149 0
14 0 150 0
14 0 151 0
14 0 152 0
14 0 153 0
14 0 154 0
14 0 155 0
14 0 156 0
14 0 157 0
14 0 158 0
14 0 159 0
14 0 160 0
14 0 161 0
14 0 162 0
14 0 163 0
14 0 164 0
14 0 165 0
14 0 166 0
14 0 167 0
14 0 168 0
14 0 169 0
14 0 170 0
14 0 171 0
14 0 172 0
14 0 173 0
14 0 174 0
14 0 175 0
14 0 176 0
14 0 177 0
14 0 178 0
14 0 179 0
14 0 180 0
14 0 181 0
14 0 182 0
14 0 183 0
14 0 184 0
14 0 185 0
14 0 186 0
14 0 187 0
14 0 188 0
14 0 189 0
14 0 190 0
14 0 191 0
14 0 192 0
14 0 193 0
14 0 194 0
14 0 195 0
14 0 196 0
14 0 197 0
14 0 198 0
14 0 199 0
14 0 200 0
14 0 201 0
14 0 202 0
14 0 203 0
14 0 204 0
14 0 205 0
14 0 206 0
14 0 207 0
14 0 208 0
14 0 209 0
14 0 210 0
14 0 211 0
14 0 212 0
14 0 213 0
14 0 214 0
14 0 215 0
14 0 216 0
14 0 217 0
14 0 218 0
14 0 219 0
14 0 220 0
14 0 221 0
14 0 222 0
14 0 223 0
14 0 224 0
14 0 225 0
14 0 226 0
14 0 227 0
14 0 228 0
14 0 229 0
14 0 230 0
14 0 231 0
14 0 232 0
14 0 233 0
14 0 234 0
14 0 235 0
14 0 236 0
14 0 237 0
14 0 238 0
14 0 239 0
14 0 240 0
15 0 1 0
15 0 2 0
15 0 3 0
15 0 4 0
15 0 5 0
15 0 6 0
15 0 7 0
15 0 8 0
15 0 9 0
15 0 10 0
15 0 11 0
15 0 12 0
15 0 13 0
15 0 14 0
15 0 15 0
15 0 16 0
15 0 17 0
15 0 18 0
15 0 19 0
15 0 20 0
15 0 21 0
15 0 22 0
15 0 23 0
15 0 24 0
15 0 25 0
15 0 26 0
15 0 27 0
15 0 28 0
15 0 29 0
15 0 30 0
15 0 31 0
15 0 32 0
15 0 33 0
15 0 34 0
15 0 35 0
15 0 36 0
15 0 37 0
15 0 38 0
15 0 39 0
15 0 40 0
15 0 41 0
15 0 42 0
15 0 43 0
15 0 44 0
15 0 45 0
15 0 46 0
15 0 47 0
15 0 48 0
15 0 49 0
15 0 50 0
15 0 51 0
15 0 52 0
15 0 53 0
15 0 54 0
15 0 55 0
15 0 56 0
15 0 57 0
15 0 58 0
15 0 59 0
15 0 60 0
15 0 61 0
15 0 62 0
15 0 63 0
15 0 64 0
15 0 65 0
15 0 66 0
15 0 67 0
15 0 68 0
15 0 69 0
15 0 70 0
15 0 71 0
15 0 72 0
15 0 73 0
15 0 74 0
15 0 75 0
15 0 76 0
15 0 77 0
15 0 78 0
15 0 79 0
15 0 80 0
15 0 81 0
15 0 82 0
15 0 83 0
15 0 84 0
15 0 85 0
15 0 86 0
15 0 87 0
15 0 88 0
15 0 89 0
15 0 90 0
15 0 91 0
15 0 92 0
15 0 93 0
15 0 94 0
15 0 95 0
15 0 96 0
15 0 97 0
15 0 98 0
15 0 99 0
15 0 100 0
15 0 101 0
15 0 102 0
15 0 103 0
15 0 104 0
15 0 105 0
15 0 106 0
15 0 107 0
15 0 108 0
15 0 109 0
15 0 110 0
15 0 111 0
15 0 112 0
15 0 113 0
15 0 114 0
15 0 115 0
15 0 116 0
15 0 117 0
15 0 118 0
15 0 119 0
15 0 120 0
15 0 121 0
15 0 122 0
15 0 123 0
15 0 124 0
15 0 125 0
15 0 126 0
15 0 127 0
15 0 128 0
15 0 129 0
15 0 130 0
15 0 131 0
15 0 132 0
15 0 133 0
15 0 134 0
15 0 135 0
15 0 136 0
15 0 137 0
15 0 138 0
15 0 139 0
15 0 140 0
15 0 141 1
15 0 142 1
15 0 143 1
15 0 144 1
15 0 145 1
15 0 146 1
15 0 147 1
15 0 148 1
15 0 149 1
15 0 150 1
15 0 151 0
15 0 152 0
15 0 153 0
15 0 154 0
15 0 155 0
15 0 156 0
15 0 157 0
15 0 158 0
15 0 159 0
15 0 160 0
15 0 161 0
15 0 162 0
15 0 163 0
15 0 164 0
15 0 165 0
15 0 166 0
15 0 167 0
15 0 168 0
15 0 169 0
15 0 170 0
15 0 171 0
15 0 172 0
15 0 173 0
15 0 174 0
15 0 175 0
15 0 176 0
15 0 177 0
15 0 178 0
15 0 179 0
15 0 180 0
15 0 181 0
15 0 182 0
15 0 183 0
15 0 184 0
15 0 185 0
15 0 186 0
15 0 187 0
15 0 188 0
15 0 189 0
15 0 190 0
15 0 191 0
15 0 192 0
15 0 193 0
15 0 194 0
15 0 195 0
15 0 196 0
15 0 197 0
15 0 198 0
15 0 199 0
15 0 200 0
15 0 201 0
15 0 202 0
15 0 203 0
15 0 204 0
15 0 205 0
15 0 206 0
15 0 207 0
15 0 208 0
15 0 209 0
15 0 210 0
15 0 211 0
15 0 212 0
15 0 213 0
15 0 214 0
15 0 215 0
15 0 216 0
15 0 217 0
15 0 218 0
15 0 219 0
15 0 220 0
15 0 221 0
15 0 222 0
15 0 223 0
15 0 224 0
15 0 225 0
15 0 226 0
15 0 227 0
15 0 228 0
15 0 229 0
15 0 230 0
15 0 231 0
15 0 232 0
15 0 233 0
15 0 234 0
15 0 235 0
15 0 236 0
15 0 237 0
15 0 238 0
15 0 239 0
15 0 240 0
16 0 1 0
16 0 2 0
16 0 3 0
16 0 4 0
16 0 5 0
16 0 6 0
16 0 7 0
16 0 8 0
16 0 9 0
16 0 10 0
16 0 11 0
16 0 12 0
16 0 13 0
16 0 14 0
16 0 15 0
16 0 16 0
16 0 17 0
16 0 18 0
16 0 19 0
16 0 20 0
16 0 21 0
16 0 22 0
16 0 23 0
16 0 24 0
16 0 25 0
16 0 26 0
16 0 27 0
16 0 28 0
16 0 29 0
16 0 30 0
16 0 31 0
16 0 32 0
16 0 33 0
16 0 34 0
16 0 35 0
16 0 36 0
16 0 37 0
16 0 38 0
16 0 39 0
16 0 40 0
16 0 41 0
16 0 42 0
16 0 43 0
16 0 44 0
16 0 45 0
16 0 46 0
16 0 47 0
16 0 48 0
16 0 49 0
16 0 50 0
16 0 51 0
16 0 52 0
16 0 53 0
16 0 54 0
16 0 55 0
16 0 56 0
16 0 57 0
16 0 58 0
16 0 59 0
16 0 60 0
16 0 61 0
16 0 62 0
16 0 63 0
16 0 64 0
16 0 65 0
16 0 66 0
16 0 67 0
16 0 68 0
16 0 69 0
16 0 70 0
16 0 71 0
16 0 72 0
16 0 73 0
16 0 74 0
16 0 75 0
16 0 76 0
16 0 77 0
16 0 78 0
16 0 79 0
16 0 80 0
16 0 81 0
16 0 82 0
16 0 83 0
16 0 84 0
16 0 85 0
16 0 86 0
16 0 87 0
16 0 88 0
16 0 89 0
16 0 90 0
16 0 91 0
16 0 92 0
16 0 93 0
16 0 94 0
16 0 95 0
16 0 96 0
16 0 97 0
16 0 98 0
16 0 99 0
16 0 100 0
16 0 101 0
16 0 102 0
16 0 103 0
16 0 104 0
16 0 105 0
16 0 106 0
16 0 107 0
16 0 108 0
16 0 109 0
16 0 110 0
16 0 111 0
16 0 112 0
16 0 113 0
16 0 114 0
16 0 115 0
16 0 116 0
16 0 117 0
16 0 118 0
16 0 119 0
16 0 120 0
16 0 121 0
16 0 122 0
16 0 123 0
16 0 124 0
16 0 125 0
16 0 126 0
16 0 127 0
16 0 128 0
16 0 129 0
16 0 130 0
16 0 131 0
16 0 132 0
16 0 133 0
16 0 134 0
16 0 135 0
16 0 136 0
16 0 137 0
16 0 138 0
16 0 139 0
16 0 140 0
16 0 141 0
16 0 142 0
16 0 143 0
16 0 144 0
16 0 145 0
16 0 146 0
16 0 147 0
16 0 148 0
16 0 149 0
16 0 150 0
16 0 151 1
16 0 152 1
16 0 153 1
16 0 154 1
16 0 155 1
16 0 156 1
16 0 157 1
16 0 158 1
16 0 159 1
16 0 160 1
16 0 161 0
16 0 162 0
16 0 163 0
16 0 164 0
16 0 165 0
16 0 166 0
16 0 167 0
16 0 168 0
16 0 169 0
16 0 170 0
16 0 171 0
16 0 172 0
16 0 173 0
16 0 174 0
16 0 175 0
16 0 176 0
16 0 177 0
16 0 178 0
16 0 179 0
16 0 180 0
16 0 181 0
16 0 182 0
16 0 183 0
16 0 184 0
16 0 185 0
16 0 186 0
16 0 187 0
16 0 188 0
16 0 189 0
16 0 190 0
16 0 191 0
16 0 192 0
16 0 193 0
16 0 194 0
16 0 195 0
16 0 196 0
16 0 197 0
16 0 198 0
16 0 199 0
16 0 200 0
16 0 201 0
16 0 202 0
16 0 203 0
16 0 204 0
16 0 205 0
16 0 206 0
16 0 207 0
16 0 208 0
16 0 209 0
16 0 210 0
16 0 211 0
16 0 212 0
16 0 213 0
16 0 214 0
16 0 215 0
16 0 216 0
16 0 217 0
16 0 218 0
16 0 219 0
16 0 220 0
16 0 221 0
16 0 222 0
16 0 223 0
16 0 224 0
16 0 225 0
16 0 226 0
16 0 227 0
16 0 228 0
16 0 229 0
16 0 230 0
16 0 231 0
16 0 232 0
16 0 233 0
16 0 234 0
16 0 235 0
16 0 236 0
16 0 237 0
16 0 238 0
16 0 239 0
16 0 240 0
17 0 1 0
17 0 2 0
17 0 3 0
17 0 4 0
17 0 5 0
17 0 6 0
17 0 7 0
17 0 8 0
17 0 9 0
17 0 10 0
17 0 11 0
17 0 12 0
17 0 13 0
17 0 14 0
17 0 15 0
17 0 16 0
17 0 17 0
17 0 18 0
17 0 19 0
17 0 20 0
17 0 21 0
17 0 22 0
17 0 23 0
17 0 24 0
17 0 25 0
17 0 26 0
17 0 27 0
17 0 28 0
17 0 29 0
17 0 30 0
17 0 31 0
17 0 32 0
17 0 33 0
17 0 34 0
17 0 35 0
17 0 36 0
17 0 37 0
17 0 38 0
17 0 39 0
17 0 40 0
17 0 41 0
17 0 42 0
17 0 43 0
17 0 44 0
17 0 45 0
17 0 46 0
17 0 47 0
17 0 48 0
17 0 49 0
17 0 50 0
17 0 51 0
17 0 52 0
17 0 53 0
17 0 54 0
17 0 55 0
17 0 56 0
17 0 57 0
17 0 58 0
17 0 59 0
17 0 60 0
17 0 61 0
17 0 62 0
17 0 63 0
17 0 64 0
17 0 65 0
17 0 66 0
17 0 67 0
17 0 68 0
17 0 69 0
17 0 70 0
17 0 71 0
17 0 72 0
17 0 73 0
17 0 74 0
17 0 75 0
17 0 76 0
17 0 77 0
17 0 78 0
17 0 79 0
17 0 80 0
17 0 81 0
17 0 82 0
17 0 83 0
17 0 84 0
17 0 85 0
17 0 86 0
17 0 87 0
17 0 88 0
17 0 89 0
17 0 90 0
17 0 91 0
17 0 92 0
17 0 93 0
17 0 94 0
17 0 95 0
17 0 96 0
17 0 97 0
17 0 98 0
17 0 99 0
17 0 100 0
17 0 101 0
17 0 102 0
17 0 103 0
17 0 104 0
17 0 105 0
17 0 106 0
17 0 107 0
17 0 108 0
17 0 109 0
17 0 110 0
17 0 111 0
17 0 112 0
17 0 113 0
17 0 114 0
17 0 115 0
17 0 116 0
17 0 117 0
17 0 118 0
17 0 119 0
17 0 120 0
17 0 121 0
17 0 122 0
17 0 123 0
17 0 124 0
17 0 125 0
17 0 126 0
17 0 127 0
17 0 128 0
17 0 129 0
17 0 130 0
17 0 131 0
17 0 132 0
17 0 133 0
17 0 134 0
17 0 135 0
17 0 136 0
17 0 137 0
17 0 138 0
17 0 139 0
17 0 140 0
17 0 141 0
17 0 142 0
17 0 143 0
17 0 144 0
17 0 145 0
17 0 146 0
17 0 147 0
17 0 148 0
17 0 149 0
17 0 150 0
17 0 151 0
17 0 152 0
17 0 153 0
17 0 154 0
17 0 155 0
17 0 156 0
17 0 157 0
17 0 158 0
17 0 159 0
17 0 160 0
17 0 161 1
17 0 162 1
17 0 163 1
17 0 164 1
17 0 165 1
17 0 166 1
17 0 167 1
17 0 168 1
17 0 169 1
17 0 170 1
17 0 171 0
17 0 172 0
17 0 173 0
17 0 174 0
17 0 175 0
17 0 176 0
17 0 177 0
17 0 178 0
17 0 179 0
17 0 180 0
17 0 181 0
17 0 182 0
17 0 183 0
17 0 184 0
17 0 185 0
17 0 186 0
17 0 187 0
17 0 188 0
17 0 189 0
17 0 190 0
17 0 191 0
17 0 192 0
17 0 193 0
17 0 194 0
17 0 195 0
17 0 196 0
17 0 197 0
17 0 198 0
17 0 199 0
17 0 200 0
17 0 201 0
17 0 202 0
17 0 203 0
17 0 204 0
17 0 205 0
17 0 206 0
17 0 207 0
17 0 208 0
17 0 209 0
17 0 210 0
17 0 211 0
17 0 212 0
17 0 213 0
17 0 214 0
17 0 215 0
17 0 216 0
17 0 217 0
17 0 218 0
17 0 219 0
17 0 220 0
17 0 221 0
17 0 222 0
17 0 223 0
17 0 224 0
17 0 225 0
17 0 226 0
17 0 227 0
17 0 228 0
17 0 229 0
17 0 230 0
17 0 231 0
17 0 232 0
17 0 233 0
17 0 234 0
17 0 235 0
17 0 236 0
17 0 237 0
17 0 238 0
17 0 239 0
17 0 240 0
18 0 1 0
18 0 2 0
18 0 3 0
18 0 4 0
18 0 5 0
18 0 6 0
18 0 7 0
18 0 8 0
18 0 9 0
18 0 10 0
18 0 11 0
18 0 12 0
18 0 13 0
18 0 14 0
18 0 15 0
18 0 16 0
18 0 17 0
18 0 18 0
18 0 19 0
18 0 20 0
18 0 21 0
18 0 22 0
18 0 23 0
18 0 24 0
18 0 25 0
18 0 26 0
18 0 27 0
18 0 28 0
18 0 29 0
18 0 30 0
18 0 31 0
18 0 32 0
18 0 33 0
18 0 34 0
18 0 35 0
18 0 36 0
18 0 37 0
18 0 38 0
18 0 39 0
18 0 40 0
18 0 41 0
18 0 42 0
18 0 43 0
18 0 44 0
18 0 45 0
18 0 46 0
18 0 47 0
18 0 48 0
18 0 49 0
18 0 50 0
18 0 51 0
18 0 52 0
18 0 53 0
18 0 54 0
18 0 55 0
18 0 56 0
18 0 57 0
18 0 58 0
18 0 59 0
18 0 60 0
18 0 61 0
18 0 62 0
18 0 63 0
18 0 64 0
18 0 65 0
18 0 66 0
18 0 67 0
18 0 68 0
18 0 69 0
18 0 70 0
18 0 71 0
18 0 72 0
18 0 73 0
18 0 74 0
18 0 75 0
18 0 76 0
18 0 77 0
18 0 78 0
18 0 79 0
18 0 80 0
18 0 81 0
18 0 82 0
18 0 83 0
18 0 84 0
18 0 85 0
18 0 86 0
18 0 87 0
18 0 88 0
18 0 89 0
18 0 90 0
18 0 91 0
18 0 92 0
18 0 93 0
18 0 94 0
18 0 95 0
18 0 96 0
18 0 97 0
18 0 98 0
18 0 99 0
18 0 100 0
18 0 101 0
18 0 102 0
18 0 103 0
18 0 104 0
18 0 105 0
18 0 106 0
18 0 107 0
18 0 108 0
18 0 109 0
18 0 110 0
18 0 111 0
18 0 112 0
18 0 113 0
18 0 114 0
18 0 115 0
18 0 116 0
18 0 117 0
18 0 118 0
18 0 119 0
18 0 120 0
18 0 121 0
18 0 122 0
18 0 123 0
18 0 124 0
18 0 125 0
18 0 126 0
18 0 127 0
18 0 128 0
18 0 129 0
18 0 130 0
18 0 131 0
18 0 132 0
18 0 133 0
18 0 134 0
18 0 135 0
18 0 136 0
18 0 137 0
18 0 138 0
18 0 139 0
18 0 140 0
18 0 141 0
18 0 142 0
18 0 143 0
18 0 144 0
18 0 145 0
18 0 146 0
18 0 147 0
18 0 148 0
18 0 149 0
18 0 150 0
18 0 151 0
18 0 152 0
18 0 153 0
18 0 154 0
18 0 155 0
18 0 156 0
18 0 157 0
18 0 158 0
18 0 159 0
18 0 160 0
18 0 161 0
18 0 162 0
18 0 163 0
18 0 164 0
18 0 165 0
18 0 166 0
18 0 167 0
18 0 168 0
18 0 169 0
18 0 170 0
18 0 171 1
18 0 172 1
18 0 173 1
18 0 174 1
18 0 175 1
18 0 176 1
18 0 177 1
18 0 178 1
18 0 179 1
18 0 180 1
18 0 181 0
18 0 182 0
18 0 183 0
18 0 184 0
18 0 185 0
18 0 186 0
18 0 187 0
18 0 188 0
18 0 189 0
18 0 190 0
18 0 191 0
18 0 192 0
18 0 193 0
18 0 194 0
18 0 195 0
18 0 196 0
18 0 197 0
18 0 198 0
18 0 199 0
18 0 200 0
18 0 201 0
18 0 202 0
18 0 203 0
18 0 204 0
18 0 205 0
18 0 206 0
18 0 207 0
18 0 208 0
18 0 209 0
18 0 210 0
18 0 211 0
18 0 212 0
18 0 213 0
18 0 214 0
18 0 215 0
18 0 216 0
18 0 217 0
18 0 218 0
18 0 219 0
18 0 220 0
18 0 221 0
18 0 222 0
18 0 223 0
18 0 224 0
18 0 225 0
18 0 226 0
18 0 227 0
18 0 228 0
18 0 229 0
18 0 230 0
18 0 231 0
18 0 232 0
18 0 233 0
18 0 234 0
18 0 235 0
18 0 236 0
18 0 237 0
18 0 238 0
18 0 239 0
18 0 240 0
19 0 1 0
19 0 2 0
19 0 3 0
19 0 4 0
19 0 5 0
19 0 6 0
19 0 7 0
19 0 8 0
19 0 9 0
19 0 10 0
19 0 11 0
19 0 12 0
19 0 13 0
19 0 14 0
19 0 15 0
19 0 16 0
19 0 17 0
19 0 18 0
19 0 19 0
19 0 20 0
19 0 21 0
19 0 22 0
19 0 23 0
19 0 24 0
19 0 25 0
19 0 26 0
19 0 27 0
19 0 28 0
19 0 29 0
19 0 30 0
19 0 31 0
19 0 32 0
19 0 33 0
19 0 34 0
19 0 35 0
19 0 36 0
19 0 37 0
19 0 38 0
19 0 39 0
19 0 40 0
19 0 41 0
19 0 42 0
19 0 43 0
19 0 44 0
19 0 45 0
19 0 46 0
19 0 47 0
19 0 48 0
19 0 49 0
19 0 50 0
19 0 51 0
19 0 52 0
19 0 53 0
19 0 54 0
19 0 55 0
19 0 56 0
19 0 57 0
19 0 58 0
19 0 59 0
19 0 60 0
19 0 61 0
19 0 62 0
19 0 63 0
19 0 64 0
19 0 65 0
19 0 66 0
19 0 67 0
19 0 68 0
19 0 69 0
19 0 70 0
19 0 71 0
19 0 72 0
19 0 73 0
19 0 74 0
19 0 75 0
19 0 76 0
19 0 77 0
19 0 78 0
19 0 79 0
19 0 80 0
19 0 81 0
19 0 82 0
19 0 83 0
19 0 84 0
19 0 85 0
19 0 86 0
19 0 87 0
19 0 88 0
19 0 89 0
19 0 90 0
19 0 91 0
19 0 92 0
19 0 93 0
19 0 94 0
19 0 95 0
19 0 96 0
19 0 97 0
19 0 98 0
19 0 99 0
19 0 100 0
19 0 101 0
19 0 102 0
19 0 103 0
19 0 104 0
19 0 105 0
19 0 106 0
19 0 107 0
19 0 108 0
19 0 109 0
19 0 110 0
19 0 111 0
19 0 112 0
19 0 113 0
19 0 114 0
19 0 115 0
19 0 116 0
19 0 117 0
19 0 118 0
19 0 119 0
19 0 120 0
19 0 121 0
19 0 122 0
19 0 123 0
19 0 124 0
19 0 125 0
19 0 126 0
19 0 127 0
19 0 128 0
19 0 129 0
19 0 130 0
19 0 131 0
19 0 132 0
19 0 133 0
19 0 134 0
19 0 135 0
19 0 136 0
19 0 137 0
19 0 138 0
19 0 139 0
19 0 140 0
19 0 141 0
19 0 142 0
19 0 143 0
19 0 144 0
19 0 145 0
19 0 146 0
19 0 147 0
19 0 148 0
19 0 149 0
19 0 150 0
19 0 151 0
19 0 152 0
19 0 153 0
19 0 154 0
19 0 155 0
19 0 156 0
19 0 157 0
19 0 158 0
19 0 159 0
19 0 160 0
19 0 161 0
19 0 162 0
19 0 163 0
19 0 164 0
19 0 165 0
19 0 166 0
19 0 167 0
19 0 168 0
19 0 169 0
19 0 170 0
19 0 171 0
19 0 172 0
19 0 173 0
19 0 174 0
19 0 175 0
19 0 176 0
19 0 177 0
19 0 178 0
19 0 179 0
19 0 180 0
19 0 181 1
19 0 182 1
19 0 183 1
19 0 184 1
19 0 185 1
19 0 186 1
19 0 187 1
19 0 188 1
19 0 189 1
19 0 190 1
19 0 191 0
19 0 192 0
19 0 193 0
19 0 194 0
19 0 195 0
19 0 196 0
19 0 197 0
19 0 198 0
19 0 199 0
19 0 200 0
19 0 201 0
19 0 202 0
19 0 203 0
19 0 204 0
19 0 205 0
19 0 206 0
19 0 207 0
19 0 208 0
19 0 209 0
19 0 210 0
19 0 211 0
19 0 212 0
19 0 213 0
19 0 214 0
19 0 215 0
19 0 216 0
19 0 217 0
19 0 218 0
19 0 219 0
19 0 220 0
19 0 221 0
19 0 222 0
19 0 223 0
19 0 224 0
19 0 225 0
19 0 226 0
19 0 227 0
19 0 228 0
19 0 229 0
19 0 230 0
19 0 231 0
19 0 232 0
19 0 233 0
19 0 234 0
19 0 235 0
19 0 236 0
19 0 237 0
19 0 238 0
19 0 239 0
19 0 240 0
20 0 1 0
20 0 2 0
20 0 3 0
20 0 4 0
20 0 5 0
20 0 6 0
20 0 7 0
20 0 8 0
20 0 9 0
20 0 10 0
20 0 11 0
20 0 12 0
20 0 13 0
20 0 14 0
20 0 15 0
20 0 16 0
20 0 17 0
20 0 18 0
20 0 19 0
20 0 20 0
20 0 21 0
20 0 22 0
20 0 23 0
20 0 24 0
20 0 25 0
20 0 26 0
20 0 27 0
20 0 28 0
20 0 29 0
20 0 30 0
20 0 31 0
20 0 32 0
20 0 33 0
20 0 34 0
20 0 35 0
20 0 36 0
20 0 37 0
20 0 38 0
20 0 39 0
20 0 40 0
20 0 41 0
20 0 42 0
20 0 43 0
20 0 44 0
20 0 45 0
20 0 46 0
20 0 47 0
20 0 48 0
20 0 49 0
20 0 50 0
20 0 51 0
20 0 52 0
20 0 53 0
20 0 54 0
20 0 55 0
20 0 56 0
20 0 57 0
20 0 58 0
20 0 59 0
20 0 60 0
20 0 61 0
20 0 62 0
20 0 63 0
20 0 64 0
20 0 65 0
20 0 66 0
20 0 67 0
20 0 68 0
20 0 69 0
20 0 70 0
20 0 71 0
20 0 72 0
20 0 73 0
20 0 74 0
20 0 75 0
20 0 76 0
20 0 77 0
20 0 78 0
20 0 79 0
20 0 80 0
20 0 81 0
20 0 82 0
20 0 83 0
20 0 84 0
20 0 85 0
20 0 86 0
20 0 87 0
20 0 88 0
20 0 89 0
20 0 90 0
20 0 91 0
20 0 92 0
20 0 93 0
20 0 94 0
20 0 95 0
20 0 96 0
20 0 97 0
20 0 98 0
20 0 99 0
20 0 100 0
20 0 101 0
20 0 102 0
20 0 103 0
20 0 104 0
20 0 105 0
20 0 106 0
20 0 107 0
20 0 108 0
20 0 109 0
20 0 110 0
20 0 111 0
20 0 112 0
20 0 113 0
20 0 114 0
20 0 115 0
20 0 116 0
20 0 117 0
20 0 118 0
20 0 119 0
20 0 120 0
20 0 121 0
20 0 122 0
20 0 123 0
20 0 124 0
20 0 125 0
20 0 126 0
20 0 127 0
20 0 128 0
20 0 129 0
20 0 130 0
20 0 131 0
20 0 132 0
20 0 133 0
20 0 134 0
20 0 135 0
20 0 136 0
20 0 137 0
20 0 138 0
20 0 139 0
20 0 140 0
20 0 141 0
20 0 142 0
20 0 143 0
20 0 144 0
20 0 145 0
20 0 146 0
20 0 147 0
20 0 148 0
20 0 149 0
20 0 150 0
20 0 151 0
20 0 152 0
20 0 153 0
20 0 154 0
20 0 155 0
20 0 156 0
20 0 157 0
20 0 158 0
20 0 159 0
20 0 160 0
20 0 161 0
20 0 162 0
20 0 163 0
20 0 164 0
20 0 165 0
20 0 166 0
20 0 167 0
20 0 168 0
20 0 169 0
20 0 170 0
20 0 171 0
20 0 172 0
20 0 173 0
20 0 174 0
20 0 175 0
20 0 176 0
20 0 177 0
20 0 178 0
20 0 179 0
20 0 180 0
20 0 181 0
20 0 182 0
20 0 183 0
20 0 184 0
20 0 185 0
20 0 186 0
20 0 187 0
20 0 188 0
20 0 189 0
20 0 190 0
20 0 191 1
20 0 192 1
20 0 193 1
20 0 194 1
20 0 195 1
20 0 196 1
20 0 197 1
20 0 198 1
20 0 199 1
20 0 200 1
20 0 201 0
20 0 202 0
20 0 203 0
20 0 204 0
20 0 205 0
20 0 206 0
20 0 207 0
20 0 208 0
20 0 209 0
20 0 210 0
20 0 211 0
20 0 212 0
20 0 213 0
20 0 214 0
20 0 215 0
20 0 216 0
20 0 217 0
20 0 218 0
20 0 219 0
20 0 220 0
20 0 221 0
20 0 222 0
20 0 223 0
20 0 224 0
20 0 225 0
20 0 226 0
20 0 227 0
20 0 228 0
20 0 229 0
20 0 230 0
20 0 231 0
20 0 232 0
20 0 233 0
20 0 234 0
20 0 235 0
20 0 236 0
20 0 237 0
20 0 238 0
20 0 239 0
20 0 240 0
21 0 1 0
21 0 2 0
21 0 3 0
21 0 4 0
21 0 5 0
21 0 6 0
21 0 7 0
21 0 8 0
21 0 9 0
21 0 10 0
21 0 11 0
21 0 12 0
21 0 13 0
21 0 14 0
21 0 15 0
21 0 16 0
21 0 17 0
21 0 18 0
21 0 19 0
21 0 20 0
21 0 21 0
21 0 22 0
21 0 23 0
21 0 24 0
21 0 25 0
21 0 26 0
21 0 27 0
21 0 28 0
21 0 29 0
21 0 30 0
21 0 31 0
21 0 32 0
21 0 33 0
21 0 34 0
21 0 35 0
21 0 36 0
21 0 37 0
21 0 38 0
21 0 39 0
21 0 40 0
21 0 41 0
21 0 42 0
21 0 43 0
21 0 44 0
21 0 45 0
21 0 46 0
21 0 47 0
21 0 48 0
21 0 49 0
21 0 50 0
21 0 51 0
21 0 52 0
21 0 53 0
21 0 54 0
21 0 55 0
21 0 56 0
21 0 57 0
21 0 58 0
21 0 59 0
21 0 60 0
21 0 61 0
21 0 62 0
21 0 63 0
21 0 64 0
21 0 65 0
21 0 66 0
21 0 67 0
21 0 68 0
21 0 69 0
21 0 70 0
21 0 71 0
21 0 72 0
21 0 73 0
21 0 74 0
21 0 75 0
21 0 76 0
21 0 77 0
21 0 78 0
21 0 79 0
21 0 80 0
21 0 81 0
21 0 82 0
21 0 83 0
21 0 84 0
21 0 85 0
21 0 86 0
21 0 87 0
21 0 88 0
21 0 89 0
21 0 90 0
21 0 91 0
21 0 92 0
21 0 93 0
21 0 94 0
21 0 95 0
21 0 96 0
21 0 97 0
21 0 98 0
21 0 99 0
21 0 100 0
21 0 101 0
21 0 102 0
21 0 103 0
21 0 104 0
21 0 105 0
21 0 106 0
21 0 107 0
21 0 108 0
21 0 109 0
21 0 110 0
21 0 111 0
21 0 112 0
21 0 113 0
21 0 114 0
21 0 115 0
21 0 116 0
21 0 117 0
21 0 118 0
21 0 119 0
21 0 120 0
21 0 121 0
21 0 122 0
21 0 123 0
21 0 124 0
21 0 125 0
21 0 126 0
21 0 127 0
21 0 128 0
21 0 129 0
21 0 130 0
21 0 131 0
21 0 132 0
21 0 133 0
21 0 134 0
21 0 135 0
21 0 136 0
21 0 137 0
21 0 138 0
21 0 139 0
21 0 140 0
21 0 141 0
21 0 142 0
21 0 143 0
21 0 144 0
21 0 145 0
21 0 146 0
21 0 147 0
21 0 148 0
21 0 149 0
21 0 150 0
21 0 151 0
21 0 152 0
21 0 153 0
21 0 154 0
21 0 155 0
21 0 156 0
21 0 157 0
21 0 158 0
21 0 159 0
21 0 160 0
21 0 161 0
21 0 162 0
21 0 163 0
21 0 164 0
21 0 165 0
21 0 166 0
21 0 167 0
21 0 168 0
21 0 169 0
21 0 170 0
21 0 171 0
21 0 172 0
21 0 173 0
21 0 174 0
21 0 175 0
21 0 176 0
21 0 177 0
21 0 178 0
21 0 179 0
21 0 180 0
21 0 181 0
21 0 182 0
21 0 183 0
21 0 184 0
21 0 185 0
21 0 186 0
21 0 187 0
21 0 188 0
21 0 189 0
21 0 190 0
21 0 191 0
21 0 192 0
21 0 193 0
21 0 194 0
21 0 195 0
21 0 196 0
21 0 197 0
21 0 198 0
21 0 199 0
21 0 200 0
21 0 201 1
21 0 202 1
21 0 203 1
21 0 204 1
21 0 205 1
21 0 206 1
21 0 207 1
21 0 208 1
21 0 209 1
21 0 210 1
21 0 211 0
21 0 212 0
21 0 213 0
21 0 214 0
21 0 215 0
21 0 216 0
21 0 217 0
21 0 218 0
21 0 219 0
21 0 220 0
21 0 221 0
21 0 222 0
21 0 223 0
21 0 224 0
21 0 225 0
21 0 226 0
21 0 227 0
21 0 228 0
21 0 229 0
21 0 230 0
21 0 231 0
21 0 232 0
21 0 233 0
21 0 234 0
21 0 235 0
21 0 236 0
21 0 237 0
21 0 238 0
21 0 239 0
21 0 240 0
22 0 1 0
22 0 2 0
22 0 3 0
22 0 4 0
22 0 5 0
22 0 6 0
22 0 7 0
22 0 8 0
22 0 9 0
22 0 10 0
22 0 11 0
22 0 12 0
22 0 13 0
22 0 14 0
22 0 15 0
22 0 16 0
22 0 17 0
22 0 18 0
22 0 19 0
22 0 20 0
22 0 21 0
22 0 22 0
22 0 23 0
22 0 24 0
22 0 25 0
22 0 26 0
22 0 27 0
22 0 28 0
22 0 29 0
22 0 30 0
22 0 31 0
22 0 32 0
22 0 33 0
22 0 34 0
22 0 35 0
22 0 36 0
22 0 37 0
22 0 38 0
22 0 39 0
22 0 40 0
22 0 41 0
22 0 42 0
22 0 43 0
22 0 44 0
22 0 45 0
22 0 46 0
22 0 47 0
22 0 48 0
22 0 49 0
22 0 50 0
22 0 51 0
22 0 52 0
22 0 53 0
22 0 54 0
22 0 55 0
22 0 56 0
22 0 57 0
22 0 58 0
22 0 59 0
22 0 60 0
22 0 61 0
22 0 62 0
22 0 63 0
22 0 64 0
22 0 65 0
22 0 66 0
22 0 67 0
22 0 68 0
22 0 69 0
22 0 70 0
22 0 71 0
22 0 72 0
22 0 73 0
22 0 74 0
22 0 75 0
22 0 76 0
22 0 77 0
22 0 78 0
22 0 79 0
22 0 80 0
22 0 81 0
22 0 82 0
22 0 83 0
22 0 84 0
22 0 85 0
22 0 86 0
22 0 87 0
22 0 88 0
22 0 89 0
22 0 90 0
22 0 91 0
22 0 92 0
22 0 93 0
22 0 94 0
22 0 95 0
22 0 96 0
22 0 97 0
22 0 98 0
22 0 99 0
22 0 100 0
22 0 101 0
22 0 102 0
22 0 103 0
22 0 104 0
22 0 105 0
22 0 106 0
22 0 107 0
22 0 108 0
22 0 109 0
22 0 110 0
22 0 111 0
22 0 112 0
22 0 113 0
22 0 114 0
22 0 115 0
22 0 116 0
22 0 117 0
22 0 118 0
22 0 119 0
22 0 120 0
22 0 121 0
22 0 122 0
22 0 123 0
22 0 124 0
22 0 125 0
22 0 126 0
22 0 127 0
22 0 128 0
22 0 129 0
22 0 130 0
22 0 131 0
22 0 132 0
22 0 133 0
22 0 134 0
22 0 135 0
22 0 136 0
22 0 137 0
22 0 138 0
22 0 139 0
22 0 140 0
22 0 141 0
22 0 142 0
22 0 143 0
22 0 144 0
22 0 145 0
22 0 146 0
22 0 147 0
22 0 148 0
22 0 149 0
22 0 150 0
22 0 151 0
22 0 152 0
22 0 153 0
22 0 154 0
22 0 155 0
22 0 156 0
22 0 157 0
22 0 158 0
22 0 159 0
22 0 160 0
22 0 161 0
22 0 162 0
22 0 163 0
22 0 164 0
22 0 165 0
22 0 166 0
22 0 167 0
22 0 168 0
22 0 169 0
22 0 170 0
22 0 171 0
22 0 172 0
22 0 173 0
22 0 174 0
22 0 175 0
22 0 176 0
22 0 177 0
22 0 178 0
22 0 179 0
22 0 180 0
22 0 181 0
22 0 182 0
22 0 183 0
22 0 184 0
22 0 185 0
22 0 186 0
22 0 187 0
22 0 188 0
22 0 189 0
22 0 190 0
22 0 191 0
22 0 192 0
22 0 193 0
22 0 194 0
22 0 195 0
22 0 196 0
22 0 197 0
22 0 198 0
22 0 199 0
22 0 200 0
22 0 201 0
22 0 202 0
22 0 203 0
22 0 204 0
22 0 205 0
22 0 206 0
22 0 207 0
22 0 208 0
22 0 209 0
22 0 210 0
22 0 211 1
22 0 212 1
22 0 213 1
22 0 214 1
22 0 215 1
22 0 216 1
22 0 217 1
22 0 218 1
22 0 219 1
22 0 220 1
22 0 221 0
22 0 222 0
22 0 223 0
22 0 224 0
22 0 225 0
22 0 226 0
22 0 227 0
22 0 228 0
22 0 229 0
22 0 230 0
22 0 231 0
22 0 232 0
22 0 233 0
22 0 234 0
22 0 235 0
22 0 236 0
22 0 237 0
22 0 238 0
22 0 239 0
22 0 240 0
23 0 1 0
23 0 2 0
23 0 3 0
23 0 4 0
23 0 5 0
23 0 6 0
23 0 7 0
23 0 8 0
23 0 9 0
23 0 10 0
23 0 11 0
23 0 12 0
23 0 13 0
23 0 14 0
23 0 15 0
23 0 16 0
23 0 17 0
23 0 18 0
23 0 19 0
23 0 20 0
23 0 21 0
23 0 22 0
23 0 23 0
23 0 24 0
23 0 25 0
23 0 26 0
23 0 27 0
23 0 28 0
23 0 29 0
23 0 30 0
23 0 31 0
23 0 32 0
23 0 33 0
23 0 34 0
23 0 35 0
23 0 36 0
23 0 37 0
23 0 38 0
23 0 39 0
23 0 40 0
23 0 41 0
23 0 42 0
23 0 43 0
23 0 44 0
23 0 45 0
23 0 46 0
23 0 47 0
23 0 48 0
23 0 49 0
23 0 50 0
23 0 51 0
23 0 52 0
23 0 53 0
23 0 54 0
23 0 55 0
23 0 56 0
23 0 57 0
23 0 58 0
23 0 59 0
23 0 60 0
23 0 61 0
23 0 62 0
23 0 63 0
23 0 64 0
23 0 65 0
23 0 66 0
23 0 67 0
23 0 68 0
23 0 69 0
23 0 70 0
23 0 71 0
23 0 72 0
23 0 73 0
23 0 74 0
23 0 75 0
23 0 76 0
23 0 77 0
23 0 78 0
23 0 79 0
23 0 80 0
23 0 81 0
23 0 82 0
23 0 83 0
23 0 84 0
23 0 85 0
23 0 86 0
23 0 87 0
23 0 88 0
23 0 89 0
23 0 90 0
23 0 91 0
23 0 92 0
23 0 93 0
23 0 94 0
23 0 95 0
23 0 96 0
23 0 97 0
23 0 98 0
23 0 99 0
23 0 100 0
23 0 101 0
23 0 102 0
23 0 103 0
23 0 104 0
23 0 105 0
23 0 106 0
23 0 107 0
23 0 108 0
23 0 109 0
23 0 110 0
23 0 111 0
23 0 112 0
23 0 113 0
23 0 114 0
23 0 115 0
23 0 116 0
23 0 117 0
23 0 118 0
23 0 119 0
23 0 120 0
23 0 121 0
23 0 122 0
23 0 123 0
23 0 124 0
23 0 125 0
23 0 126 0
23 0 127 0
23 0 128 0
23 0 129 0
23 0 130 0
23 0 131 0
23 0 132 0
23 0 133 0
23 0 134 0
23 0 135 0
23 0 136 0
23 0 137 0
23 0 138 0
23 0 139 0
23 0 140 0
23 0 141 0
23 0 142 0
23 0 143 0
23 0 144 0
23 0 145 0
23 0 146 0
23 0 147 0
23 0 148 0
23 0 149 0
23 0 150 0
23 0 151 0
23 0 152 0
23 0 153 0
23 0 154 0
23 0 155 0
23 0 156 0
23 0 157 0
23 0 158 0
23 0 159 0
23 0 160 0
23 0 161 0
23 0 162 0
23 0 163 0
23 0 164 0
23 0 165 0
23 0 166 0
23 0 167 0
23 0 168 0
23 0 169 0
23 0 170 0
23 0 171 0
23 0 172 0
23 0 173 0
23 0 174 0
23 0 175 0
23 0 176 0
23 0 177 0
23 0 178 0
23 0 179 0
23 0 180 0
23 0 181 0
23 0 182 0
23 0 183 0
23 0 184 0
23 0 185 0
23 0 186 0
23 0 187 0
23 0 188 0
23 0 189 0
23 0 190 0
23 0 191 0
23 0 192 0
23 0 193 0
23 0 194 0
23 0 195 0
23 0 196 0
23 0 197 0
23 0 198 0
23 0 199 0
23 0 200 0
23 0 201 0
23 0 202 0
23 0 203 0
23 0 204 0
23 0 205 0
23 0 206 0
23 0 207 0
23 0 208 0
23 0 209 0
23 0 210 0
23 0 211 0
23 0 212 0
23 0 213 0
23 0 214 0
23 0 215 0
23 0 216 0
23 0 217 0
23 0 218 0
23 0 219 0
23 0 220 0
23 0 221 1
23 0 222 1
23 0 223 1
23 0 224 1
23 0 225 1
23 0 226 1
23 0 227 1
23 0 228 1
23 0 229 1
23 0 230 1
23 0 231 0
23 0 232 0
23 0 233 0
23 0 234 0
23 0 235 0
23 0 236 0
23 0 237 0
23 0 238 0
23 0 239 0
23 0 240 0
24 0 1 0
24 0 2 0
24 0 3 0
24 0 4 0
24 0 5 0
24 0 6 0
24 0 7 0
24 0 8 0
24 0 9 0
24 0 10 0
24 0 11 0
24 0 12 0
24 0 13 0
24 0 14 0
24 0 15 0
24 0 16 0
24 0 17 0
24 0 18 0
24 0 19 0
24 0 20 0
24 0 21 0
24 0 22 0
24 0 23 0
24 0 24 0
24 0 25 0
24 0 26 0
24 0 27 0
24 0 28 0
24 0 29 0
24 0 30 0
24 0 31 0
24 0 32 0
24 0 33 0
24 0 34 0
24 0 35 0
24 0 36 0
24 0 37 0
24 0 38 0
24 0 39 0
24 0 40 0
24 0 41 0
24 0 42 0
24 0 43 0
24 0 44 0
24 0 45 0
24 0 46 0
24 0 47 0
24 0 48 0
24 0 49 0
24 0 50 0
24 0 51 0
24 0 52 0
24 0 53 0
24 0 54 0
24 0 55 0
24 0 56 0
24 0 57 0
24 0 58 0
24 0 59 0
24 0 60 0
24 0 61 0
24 0 62 0
24 0 63 0
24 0 64 0
24 0 65 0
24 0 66 0
24 0 67 0
24 0 68 0
24 0 69 0
24 0 70 0
24 0 71 0
24 0 72 0
24 0 73 0
24 0 74 0
24 0 75 0
24 0 76 0
24 0 77 0
24 0 78 0
24 0 79 0
24 0 80 0
24 0 81 0
24 0 82 0
24 0 83 0
24 0 84 0
24 0 85 0
24 0 86 0
24 0 87 0
24 0 88 0
24 0 89 0
24 0 90 0
24 0 91 0
24 0 92 0
24 0 93 0
24 0 94 0
24 0 95 0
24 0 96 0
24 0 97 0
24 0 98 0
24 0 99 0
24 0 100 0
24 0 101 0
24 0 102 0
24 0 103 0
24 0 104 0
24 0 105 0
24 0 106 0
24 0 107 0
24 0 108 0
24 0 109 0
24 0 110 0
24 0 111 0
24 0 112 0
24 0 113 0
24 0 114 0
24 0 115 0
24 0 116 0
24 0 117 0
24 0 118 0
24 0 119 0
24 0 120 0
24 0 121 0
24 0 122 0
24 0 123 0
24 0 124 0
24 0 125 0
24 0 126 0
24 0 127 0
24 0 128 0
24 0 129 0
24 0 130 0
24 0 131 0
24 0 132 0
24 0 133 0
24 0 134 0
24 0 135 0
24 0 136 0
24 0 137 0
24 0 138 0
24 0 139 0
24 0 140 0
24 0 141 0
24 0 142 0
24 0 143 0
24 0 144 0
24 0 145 0
24 0 146 0
24 0 147 0
24 0 148 0
24 0 149 0
24 0 150 0
24 0 151 0
24 0 152 0
24 0 153 0
24 0 154 0
24 0 155 0
24 0 156 0
24 0 157 0
24 0 158 0
24 0 159 0
24 0 160 0
24 0 161 0
24 0 162 0
24 0 163 0
24 0 164 0
24 0 165 0
24 0 166 0
24 0 167 0
24 0 168 0
24 0 169 0
24 0 170 0
24 0 171 0
24 0 172 0
24 0 173 0
24 0 174 0
24 0 175 0
24 0 176 0
24 0 177 0
24 0 178 0
24 0 179 0
24 0 180 0
24 0 181 0
24 0 182 0
24 0 183 0
24 0 184 0
24 0 185 0
24 0 186 0
24 0 187 0
24 0 188 0
24 0 189 0
24 0 190 0
24 0 191 0
24 0 192 0
24 0 193 0
24 0 194 0
24 0 195 0
24 0 196 0
24 0 197 0
24 0 198 0
24 0 199 0
24 0 200 0
24 0 201 0
24 0 202 0
24 0 203 0
24 0 204 0
24 0 205 0
24 0 206 0
24 0 207 0
24 0 208 0
24 0 209 0
24 0 210 0
24 0 211 0
24 0 212 0
24 0 213 0
24 0 214 0
24 0 215 0
24 0 216 0
24 0 217 0
24 0 218 0
24 0 219 0
24 0 220 0
24 0 221 0
24 0 222 0
24 0 223 0
24 0 224 0
24 0 225 0
24 0 226 0
24 0 227 0
24 0 228 0
24 0 229 0
24 0 230 0
24 0 231 1
24 0 232 1
24 0 233 1
24 0 234 1
24 0 235 1
24 0 236 1
24 0 237 1
24 0 238 1
24 0 239 1
24 0 240 1
